[COURSE HEADER]
VERSION = 0
UNITS = ENGLISH
DESCRIPTION = Carpathian Peak +1,85,109. Created by 1273.
FILE NAME = none
MINUTES	FTP
[END COURSE HEADER]

[COURSE DATA]
0	50
8	60
8	85
13	105
13	40
18	40
18	40
18.5	95
18.5	95
19.5	95
19.5	95
20.5	105
20.5	105
21.5	95
21.5	95
22.5	95
22.5	95
23.5	105
23.5	105
24.5	95
24.5	95
25.5	95
25.5	95
26.5	105
26.5	105
27.5	95
27.5	95
28.5	95
28.5	95
29.5	105
29.5	105
30.5	95
30.5	95
30.5	95
31.5	95
31.5	95
32.5	105
32.5	105
33.5	95
33.5	40
43.5	40
43.5	40
44	95
44	95
45	95
45	95
46	105
46	105
47	95
47	95
48	95
48	95
49	105
49	105
50	95
50	95
51	95
51	95
52	105
52	105
53	95
53	95
54	95
54	95
55	105
55	105
56	95
56	95
56	95
57	95
57	95
58	105
58	105
59	95
59	40
69	40
69	40
69.5	95
69.5	95
70.5	95
70.5	95
71.5	105
71.5	105
72.5	95
72.5	95
73.5	95
73.5	95
74.5	105
74.5	105
75.5	95
75.5	95
76.5	95
76.5	95
77.5	105
77.5	105
78.5	95
78.5	95
79.5	95
79.5	95
80.5	105
80.5	105
81.5	95
81.5	95
81.5	95
82.5	95
82.5	95
83.5	105
83.5	105
84.5	95
84.5	40
90	30
[END COURSE DATA]

[COURSE TEXT]
[END COURSE TEXT]

[INTERVAL DATA]
0	5400	Workout
480	780	Sweet Spot 1
1110	1170	Sweet Spot 2
1170	1230	Threshold 1
1230	1290	Threshold 2
1290	1350	Sweet Spot 3
1350	1410	Threshold 3
1410	1470	Threshold 4
1470	1530	Sweet Spot 4
1530	1590	Threshold 5
1590	1650	Threshold 6
1650	1710	Sweet Spot 5
1710	1770	Threshold 7
1770	1830	Threshold 8
1830	1890	Sweet Spot 6
1890	1950	Threshold 9
1950	2010	Threshold 10
2640	2700	Sweet Spot 7
2700	2760	Threshold 11
2760	2820	Threshold 12
2820	2880	Sweet Spot 8
2880	2940	Threshold 13
2940	3000	Threshold 14
3000	3060	Sweet Spot 9
3060	3120	Threshold 15
3120	3180	Threshold 16
3180	3240	Sweet Spot 10
3240	3300	Threshold 17
3300	3360	Threshold 18
3360	3420	Sweet Spot 11
3420	3480	Threshold 19
3480	3540	Threshold 20
4170	4230	Sweet Spot 12
4230	4290	Threshold 21
4290	4350	Threshold 22
4350	4410	Sweet Spot 13
4410	4470	Threshold 23
4470	4530	Threshold 24
4530	4590	Sweet Spot 14
4590	4650	Threshold 25
4650	4710	Threshold 26
4710	4770	Sweet Spot 15
4770	4830	Threshold 27
4830	4890	Threshold 28
4890	4950	Sweet Spot 16
4950	5010	Threshold 29
5010	5070	Threshold 30
[END INTERVAL DATA]

[MODE DATA]
[END MODE DATA]

