[COURSE HEADER]
VERSION = 0
UNITS = ENGLISH
DESCRIPTION = Carpathian Peak +2,88,116. Created by 1273.
FILE NAME = none
MINUTES	FTP
[END COURSE HEADER]

[COURSE DATA]
0	50
8	60
8	85
13	105
13	40
18	40
18	40
18.5	95
18.5	95
19.5	95
19.5	95
20.5	105
20.5	105
21.5	105
21.5	105
22.5	95
22.5	95
23.5	95
23.5	95
24.5	105
24.5	105
25.5	105
25.5	105
26.5	95
26.5	95
27.5	95
27.5	95
28.5	105
28.5	105
29.5	105
29.5	105
30.5	95
30.5	95
31.5	95
31.5	95
32.5	105
32.5	105
33.5	105
33.5	105
34.5	95
34.5	40
43.5	40
43.5	40
44	95
44	95
45	95
45	95
46	105
46	105
47	105
47	105
48	95
48	95
49	95
49	95
50	105
50	105
51	105
51	105
52	95
52	95
53	95
53	95
54	105
54	105
55	105
55	105
56	95
56	95
57	95
57	95
58	105
58	105
59	105
59	105
60	95
60	40
69	40
69	40
69.5	95
69.5	95
70.5	95
70.5	95
71.5	105
71.5	105
72.5	105
72.5	105
73.5	95
73.5	95
74.5	95
74.5	95
75.5	105
75.5	105
76.5	105
76.5	105
77.5	95
77.5	95
78.5	95
78.5	95
79.5	105
79.5	105
80.5	105
80.5	105
81.5	95
81.5	95
82.5	95
82.5	95
83.5	105
83.5	105
84.5	105
84.5	105
85.5	95
85.5	40
90	30
[END COURSE DATA]

[COURSE TEXT]
[END COURSE TEXT]

[INTERVAL DATA]
0	5400	Workout
480	780	Sweet Spot 1
1110	1170	Sweet Spot 2
1170	1230	Threshold 1
1230	1290	Threshold 2
1290	1350	Threshold 3
1350	1410	Sweet Spot 3
1410	1470	Threshold 4
1470	1530	Threshold 5
1530	1590	Threshold 6
1590	1650	Sweet Spot 4
1650	1710	Threshold 7
1710	1770	Threshold 8
1770	1830	Threshold 9
1830	1890	Sweet Spot 5
1890	1950	Threshold 10
1950	2010	Threshold 11
2010	2070	Threshold 12
2640	2700	Sweet Spot 6
2700	2760	Threshold 13
2760	2820	Threshold 14
2820	2880	Threshold 15
2880	2940	Sweet Spot 7
2940	3000	Threshold 16
3000	3060	Threshold 17
3060	3120	Threshold 18
3120	3180	Sweet Spot 8
3180	3240	Threshold 19
3240	3300	Threshold 20
3300	3360	Threshold 21
3360	3420	Sweet Spot 9
3420	3480	Threshold 22
3480	3540	Threshold 23
3540	3600	Threshold 24
4170	4230	Sweet Spot 10
4230	4290	Threshold 25
4290	4350	Threshold 26
4350	4410	Threshold 27
4410	4470	Sweet Spot 11
4470	4530	Threshold 28
4530	4590	Threshold 29
4590	4650	Threshold 30
4650	4710	Sweet Spot 12
4710	4770	Threshold 31
4770	4830	Threshold 32
4830	4890	Threshold 33
4890	4950	Sweet Spot 13
4950	5010	Threshold 34
5010	5070	Threshold 35
5070	5130	Threshold 36
[END INTERVAL DATA]

[MODE DATA]
[END MODE DATA]

