[COURSE HEADER]
VERSION = 0
UNITS = ENGLISH
DESCRIPTION = San Joaquin -3,77,59. Created by 1273.
FILE NAME = none
MINUTES	FTP
[END COURSE HEADER]

[COURSE DATA]
0	50
7	65
7	170
7.25	170
7.25	40
8	40
8	180
8.25	180
8.25	40
9	40
9	190
9.25	190
9.25	40
10	40
10	200
10.25	200
10.25	40
15.25	40
15.25	200
15.5	200
15.5	40
16.25	40
16.25	200
16.5	200
16.5	40
17.25	40
17.25	200
17.5	200
17.5	40
18.25	40
18.25	200
18.5	200
18.5	40
19.25	40
19.25	200
19.5	200
19.5	40
20.25	40
20.25	200
20.5	200
20.5	50
30.5	50
30.5	200
30.75	200
30.75	40
31.5	40
31.5	200
31.75	200
31.75	40
32.5	40
32.5	200
32.75	200
32.75	40
33.5	40
33.5	200
33.75	200
33.75	40
34.5	40
34.5	200
34.75	200
34.75	40
35.5	40
35.5	200
35.75	200
35.75	50
45.75	50
45.75	200
46	200
46	40
46.75	40
46.75	200
47	200
47	40
47.75	40
47.75	200
48	200
48	40
48.75	40
48.75	200
49	200
49	40
49.75	40
49.75	200
50	200
50	40
50.75	40
50.75	200
51	200
51	50
60	40
[END COURSE DATA]

[COURSE TEXT]
[END COURSE TEXT]

[INTERVAL DATA]
0	3600	Workout
420	435	Sprint 1
480	495	Sprint 2
540	555	Sprint 3
600	615	Sprint 4
915	930	Sprint 5
975	990	Sprint 6
1035	1050	Sprint 7
1095	1110	Sprint 8
1155	1170	Sprint 9
1215	1230	Sprint 10
1830	1845	Sprint 11
1890	1905	Sprint 12
1950	1965	Sprint 13
2010	2025	Sprint 14
2070	2085	Sprint 15
2130	2145	Sprint 16
2745	2760	Sprint 17
2805	2820	Sprint 18
2865	2880	Sprint 19
2925	2940	Sprint 20
2985	3000	Sprint 21
3045	3060	Sprint 22
[END INTERVAL DATA]

[MODE DATA]
[END MODE DATA]

