[COURSE HEADER]
VERSION = 0
UNITS = ENGLISH
DESCRIPTION = San Joaquin -2,82,67. Created by 1273.
FILE NAME = none
MINUTES	FTP
[END COURSE HEADER]

[COURSE DATA]
0	50
7	65
7	150
7.33	150
7.33	40
8	40
8	160
8.33	160
8.33	40
9	40
9	170
9.33	170
9.33	40
10	40
10	180
10.33	180
10.33	40
15.33	40
15.33	180
15.66	180
15.66	40
16.33	40
16.33	180
16.66	180
16.66	40
17.33	40
17.33	180
17.66	180
17.66	40
18.33	40
18.33	180
18.66	180
18.66	40
19.33	40
19.33	180
19.66	180
19.66	40
20.33	40
20.33	180
20.66	180
20.66	50
30.66	50
30.66	180
31	180
31	40
31.66	40
31.66	180
32	180
32	40
32.66	40
32.66	180
33	180
33	40
33.66	40
33.66	180
34	180
34	40
34.66	40
34.66	180
35	180
35	40
35.66	40
35.66	180
36	180
36	50
46	50
46	180
46.33	180
46.33	40
47	40
47	180
47.33	180
47.33	40
48	40
48	180
48.33	180
48.33	40
49	40
49	180
49.33	180
49.33	40
50	40
50	180
50.33	180
50.33	40
51	40
51	180
51.33	180
51.33	50
60	40
[END COURSE DATA]

[COURSE TEXT]
[END COURSE TEXT]

[INTERVAL DATA]
0	3600	Workout
420	440	Sprint 1
480	500	Sprint 2
540	560	Sprint 3
600	620	Sprint 4
920	940	Sprint 5
980	1000	Sprint 6
1040	1060	Sprint 7
1100	1120	Sprint 8
1160	1180	Sprint 9
1220	1240	Sprint 10
1840	1860	Sprint 11
1900	1920	Sprint 12
1960	1980	Sprint 13
2020	2040	Sprint 14
2080	2100	Sprint 15
2140	2160	Sprint 16
2760	2780	Sprint 17
2820	2840	Sprint 18
2880	2900	Sprint 19
2940	2960	Sprint 20
3000	3020	Sprint 21
3060	3080	Sprint 22
[END INTERVAL DATA]

[MODE DATA]
[END MODE DATA]

