[COURSE HEADER]
VERSION = 0
UNITS = ENGLISH
DESCRIPTION = San Joaquin -1,85,73. Created by 1273.
FILE NAME = none
MINUTES	FTP
[END COURSE HEADER]

[COURSE DATA]
0	50
7	65
7	120
7.5	120
7.5	40
8	40
8	130
8.5	130
8.5	40
9	40
9	140
9.5	140
9.5	40
10	40
10	150
10.5	150
10.5	40
15.5	40
15.5	150
16	150
16	40
16.5	40
16.5	150
17	150
17	40
17.5	40
17.5	150
18	150
18	40
18.5	40
18.5	150
19	150
19	40
19.5	40
19.5	150
20	150
20	40
20.5	40
20.5	150
21	150
21	50
31	50
31	150
31.5	150
31.5	40
32	40
32	150
32.5	150
32.5	40
33	40
33	150
33.5	150
33.5	40
34	40
34	150
34.5	150
34.5	40
35	40
35	150
35.5	150
35.5	40
36	40
36	150
36.5	150
36.5	50
46.5	50
46.5	150
47	150
47	40
47.5	40
47.5	150
48	150
48	40
48.5	40
48.5	150
49	150
49	40
49.5	40
49.5	150
50	150
50	40
50.5	40
50.5	150
51	150
51	40
51.5	40
51.5	150
52	150
52	50
60	40
[END COURSE DATA]

[COURSE TEXT]
[END COURSE TEXT]

[INTERVAL DATA]
0	3600	Workout
420	450	VO2 Max 1
480	510	Sprint 1
540	570	Sprint 2
600	630	Sprint 3
930	960	Sprint 4
990	1020	Sprint 5
1050	1080	Sprint 6
1110	1140	Sprint 7
1170	1200	Sprint 8
1230	1260	Sprint 9
1860	1890	Sprint 10
1920	1950	Sprint 11
1980	2010	Sprint 12
2040	2070	Sprint 13
2100	2130	Sprint 14
2160	2190	Sprint 15
2790	2820	Sprint 16
2850	2880	Sprint 17
2910	2940	Sprint 18
2970	3000	Sprint 19
3030	3060	Sprint 20
3090	3120	Sprint 21
[END INTERVAL DATA]

[MODE DATA]
[END MODE DATA]

