[COURSE HEADER]
VERSION = 0
UNITS = ENGLISH
DESCRIPTION = Dade +3,92,126. Created by 1273.
FILE NAME = none
MINUTES	FTP
[END COURSE HEADER]

[COURSE DATA]
0	50
6	65
6	105
7	105
7	40
8	40
8	110
9	110
9	40
10	40
10	115
11	115
11	40
12	40
12	120
13	120
13	40
16	40
16	120
18	120
18	40
20	40
20	120
22	120
22	40
24	40
24	120
26	120
26	50
31	50
31	120
33	120
33	40
35	40
35	120
37	120
37	40
39	40
39	120
41	120
41	50
46	50
46	120
48	120
48	40
50	40
50	120
52	120
52	40
54	40
54	120
56	120
56	50
61	50
61	120
63	120
63	40
65	40
65	120
67	120
67	40
69	40
69	120
71	120
71	50
76	50
76	120
78	120
78	40
80	40
80	120
82	120
82	40
84	40
84	120
86	120
86	40
90	30
[END COURSE DATA]

[COURSE TEXT]
[END COURSE TEXT]

[INTERVAL DATA]
0	5400	Workout
360	420	Threshold 1
480	540	VO2 Max 1
600	660	VO2 Max 2
720	780	VO2 Max 3
960	1080	VO2 Max 4
1200	1320	VO2 Max 5
1440	1560	VO2 Max 6
1860	1980	VO2 Max 7
2100	2220	VO2 Max 8
2340	2460	VO2 Max 9
2760	2880	VO2 Max 10
3000	3120	VO2 Max 11
3240	3360	VO2 Max 12
3660	3780	VO2 Max 13
3900	4020	VO2 Max 14
4140	4260	VO2 Max 15
4560	4680	VO2 Max 16
4800	4920	VO2 Max 17
5040	5160	VO2 Max 18
[END INTERVAL DATA]

[MODE DATA]
[END MODE DATA]

