[COURSE HEADER]
VERSION = 0
UNITS = ENGLISH
DESCRIPTION = Sufferfest Downward Spiral,96,85. Created by 44401.
FILE NAME = none
MINUTES	FTP
[END COURSE HEADER]

[COURSE DATA]
0	50
2.83	50
2.83	60
3.83	60
3.83	70
5.36	70
5.36	80
7.08	80
7.08	100
8.03	100
8.03	40
9.03	40
9.03	105
9.78	105
9.78	40
10.78	40
10.78	120
11.63	120
11.63	125
11.71	125
11.71	120
12.78	120
12.78	40
14.76	40
14.76	128
15.05	128
15.05	132
15.13	132
15.13	128
16.53	128
16.53	40
18.26	40
18.26	129
19.78	129
19.78	40
21.26	40
21.26	130
22.53	130
22.53	40
23.78	40
23.78	130
24.1	130
24.1	140
24.2	140
24.2	130
24.78	130
24.78	40
25.78	40
25.78	130
26.53	130
26.53	40
27.26	40
27.26	135
27.78	135
27.78	40
28.28	40
28.28	150
28.55	150
28.55	40
32.51	40
32.51	128
34.16	128
34.16	133
34.25	133
34.25	128
34.53	128
34.53	40
36.53	40
36.53	130
38.28	130
38.28	40
40.03	40
40.03	130
40.73	130
40.73	135
40.81	135
40.81	130
41.53	130
41.53	40
43.03	40
43.03	131
44.28	131
44.28	40
45.53	40
45.53	130
46.53	130
46.53	40
47.53	40
47.53	134
48.16	134
48.16	139
48.23	139
48.23	134
48.28	134
48.28	40
49.03	40
49.03	137
49.53	137
49.53	40
50.03	40
50.03	137
50.53	137
50.53	40
51.03	40
51.03	137
51.53	137
51.53	40
52.03	40
52.03	160
52.28	160
52.28	40
55.56	40
[END COURSE DATA]

[COURSE TEXT]
[END COURSE TEXT]

[INTERVAL DATA]
0	3334	Workout
170	230	Endurance 1
230	322	Endurance 2
322	425	Tempo 1
425	482	Threshold 1
542	587	Threshold 2
647	698	VO2 Max 1
698	703	Sprint 1
703	767	VO2 Max 2
886	903	Sprint 2
903	908	Sprint 3
908	992	Anaerobic Capacity 1
1096	1187	Anaerobic Capacity 2
1276	1352	Anaerobic Capacity 3
1427	1446	Sprint 4
1446	1452	Sprint 5
1452	1487	Anaerobic Capacity 4
1547	1592	Anaerobic Capacity 5
1636	1667	Anaerobic Capacity 6
1697	1713	Sprint 6
1951	2050	Anaerobic Capacity 7
2050	2055	Sprint 7
2055	2072	Sprint 8
2192	2297	Anaerobic Capacity 8
2402	2444	Anaerobic Capacity 9
2444	2449	Sprint 9
2449	2492	Anaerobic Capacity 10
2582	2657	Anaerobic Capacity 11
2732	2792	Anaerobic Capacity 12
2852	2890	Anaerobic Capacity 13
2890	2894	Sprint 10
2894	2897	Sprint 11
2942	2972	Sprint 12
3002	3032	Sprint 13
3062	3092	Sprint 14
3122	3137	Sprint 15
[END INTERVAL DATA]

[MODE DATA]
[END MODE DATA]

