[COURSE HEADER]
VERSION = 0
UNITS = ENGLISH
DESCRIPTION = Sufferfest TGTTOS,73,81. Created by 11407.
FILE NAME = none
MINUTES	FTP
[END COURSE HEADER]

[COURSE DATA]
0	40
4.33	40
4.33	59
5.16	59
5.16	69
6.8	69
6.8	79
7.76	79
7.76	89
9.61	89
9.61	99
11.8	99
11.8	40
13.75	40
13.75	70
15.08	70
15.08	110
17.08	110
17.08	150
17.58	150
17.58	70
18.31	70
18.31	80
19.31	80
19.31	70
20.26	70
20.26	80
21.25	80
21.25	70
22.25	70
22.25	40
24.25	40
24.25	79
25.75	79
25.75	69
27.15	69
27.15	59
28.53	59
28.53	69
29.73	69
29.73	79
31.23	79
31.23	40
34.25	40
34.25	79
36.21	79
36.21	64
38.25	64
38.25	79
40.25	79
40.25	64
42.13	64
42.13	79
43.8	79
43.8	40
46.8	40
46.8	84
49.81	84
49.81	74
52.81	74
52.81	64
55.8	64
55.8	74
59.1	74
59.1	84
61.46	84
61.46	40
64.46	40
64.46	64
68.56	64
68.56	74
72.51	74
72.51	84
76.65	84
76.65	64
78.73	64
78.73	40
81.71	40
81.71	75
82.21	75
82.21	40
83.21	40
83.21	75
83.71	75
83.71	40
84.71	40
84.71	75
85.21	75
85.21	40
86.21	40
86.21	75
86.71	75
86.71	40
91.65	40
[END COURSE DATA]

[COURSE TEXT]
[END COURSE TEXT]

[INTERVAL DATA]
0	5499	Workout
260	310	Endurance 1
310	408	Endurance 2
408	466	Tempo 1
466	577	Sweet Spot 1
577	708	Threshold 1
825	905	Endurance 3
905	1025	VO2 Max 1
1025	1055	Sprint 1
1055	1099	Endurance 4
1099	1159	Tempo 2
1159	1216	Endurance 5
1216	1275	Tempo 3
1275	1335	Endurance 6
1455	1545	Tempo 4
1545	1629	Endurance 7
1629	1712	Endurance 8
1712	1784	Endurance 9
1784	1874	Tempo 5
2055	2173	Tempo 6
2173	2295	Endurance 10
2295	2415	Tempo 7
2415	2528	Endurance 11
2528	2628	Tempo 8
2808	2989	Tempo 9
2989	3169	Endurance 12
3169	3348	Endurance 13
3348	3546	Endurance 14
3546	3688	Tempo 10
3868	4114	Endurance 15
4114	4351	Endurance 16
4351	4599	Tempo 11
4599	4724	Endurance 17
4903	4933	Endurance 18
4993	5023	Endurance 19
5083	5113	Endurance 20
5173	5203	Endurance 21
[END INTERVAL DATA]

[MODE DATA]
[END MODE DATA]

