[COURSE HEADER]
VERSION = 0
UNITS = ENGLISH
DESCRIPTION = Star,113.99999999999999,52. Created by 1273.
FILE NAME = none
MINUTES	FTP
[END COURSE HEADER]

[COURSE DATA]
0	50
3	50
3	160
3.33	160
3.33	40
4.33	40
4.33	160
4.66	160
4.66	40
5.5	40
5.5	160
5.83	160
5.83	40
6.5	40
6.5	160
6.83	160
6.83	40
7.33	40
7.33	160
7.66	160
7.66	40
8	40
8	160
8.33	160
8.33	40
8.5	40
8.5	160
8.83	160
8.83	40
9.83	40
9.83	160
10.16	160
10.16	40
11	40
11	160
11.33	160
11.33	40
12	40
12	160
12.33	160
12.33	40
12.83	40
12.83	160
13.16	160
13.16	40
13.5	40
13.5	160
13.83	160
13.83	40
14	40
14	160
14.33	160
14.33	40
15.33	40
15.33	160
15.66	160
15.66	40
16.5	40
16.5	160
16.83	160
16.83	40
17.5	40
17.5	160
17.83	160
17.83	40
18.33	40
18.33	160
18.66	160
18.66	40
19	40
19	160
19.33	160
19.33	50
24	50
[END COURSE DATA]

[COURSE TEXT]
[END COURSE TEXT]

[INTERVAL DATA]
0	1440	Workout
180	200	Sprint 1
260	280	Sprint 2
330	350	Sprint 3
390	410	Sprint 4
440	460	Sprint 5
480	500	Sprint 6
510	530	Sprint 7
590	610	Sprint 8
660	680	Sprint 9
720	740	Sprint 10
770	790	Sprint 11
810	830	Sprint 12
840	860	Sprint 13
920	940	Sprint 14
990	1010	Sprint 15
1050	1070	Sprint 16
1100	1120	Sprint 17
1140	1160	Sprint 18
[END INTERVAL DATA]

[MODE DATA]
[END MODE DATA]

