[COURSE HEADER]
VERSION = 2
UNITS = ENGLISH
DESCRIPTION = Tabata. 20:10 x 8 rounds, 20 seconds on 10 seconds off, all out efforts!
FILE NAME = whitney.txt
MINUTES	FTP	LTHR	RPE
[END COURSE HEADER]

[COURSE DATA]
0.00	50	60.71	3.5
4.00	50	60.71	3.5
4.00	160	109.98	10
4.33	160	109.98	10
4.33	40	48.57	3
4.50	40	48.57	3
4.50	160	109.98	10
4.83	160	109.98	10
4.83	40	48.57	3
5.00	40	48.57	3
5.00	160	109.98	10
5.33	160	109.98	10
5.33	40	48.57	3
5.50	40	48.57	3
5.50	160	109.98	10
5.83	160	109.98	10
5.83	40	48.57	3
6.00	40	48.57	3
6.00	160	109.98	10
6.33	160	109.98	10
6.33	40	48.57	3
6.50	40	48.57	3
6.50	160	109.98	10
6.83	160	109.98	10
6.83	40	48.57	3
7.00	40	48.57	3
7.00	160	109.98	10
7.33	160	109.98	10
7.33	40	48.57	3
7.50	40	48.57	3
7.50	160	109.98	10
7.83	160	109.98	10
7.83	40	48.57	3
8.00	40	48.57	3
8.00	50	60.71	3.5
12.00	50	60.71	3.5
[END COURSE DATA]

[INTERVAL DATA]
0	720	Workout
240	260	Interval 1
270	290	Interval 2
300	320	Interval 3
330	350	Interval 4
360	380	Interval 5
390	410	Interval 6
420	440	Interval 7
450	470	Interval 8
[END INTERVAL DATA]
