[COURSE HEADER]
VERSION = 0
UNITS = ENGLISH
DESCRIPTION = Humphreys,129,36. Created by 1273.
FILE NAME = none
MINUTES	FTP
[END COURSE HEADER]

[COURSE DATA]
0	50
3	50
3	180
3.16	180
3.16	40
3.25	40
3.25	180
3.41	180
3.41	40
3.5	40
3.5	180
3.66	180
3.66	40
3.75	40
3.75	180
3.91	180
3.91	40
4	40
4	180
4.16	180
4.16	40
4.25	40
4.25	180
4.41	180
4.41	40
4.5	40
4.5	180
4.66	180
4.66	40
4.75	40
4.75	180
4.91	180
4.91	40
5	40
5	180
5.16	180
5.16	40
5.25	40
5.25	180
5.41	180
5.41	40
5.5	40
5.5	180
5.66	180
5.66	40
5.75	40
5.75	180
5.91	180
5.91	40
6	40
6	180
6.16	180
6.16	40
6.25	40
6.25	180
6.41	180
6.41	40
6.5	40
6.5	180
6.66	180
6.66	40
6.75	40
6.75	180
6.91	180
6.91	40
7	40
7	180
7.16	180
7.16	40
7.25	40
7.25	180
7.41	180
7.41	40
7.5	40
7.5	180
7.66	180
7.66	40
7.75	40
7.75	180
7.91	180
7.91	50
13	50
[END COURSE DATA]

[COURSE TEXT]
[END COURSE TEXT]

[INTERVAL DATA]
0	780	Workout
180	190	Sprint 1
195	205	Sprint 2
210	220	Sprint 3
225	235	Sprint 4
240	250	Sprint 5
255	265	Sprint 6
270	280	Sprint 7
285	295	Sprint 8
300	310	Sprint 9
315	325	Sprint 10
330	340	Sprint 11
345	355	Sprint 12
360	370	Sprint 13
375	385	Sprint 14
390	400	Sprint 15
405	415	Sprint 16
420	430	Sprint 17
435	445	Sprint 18
450	460	Sprint 19
465	475	Sprint 20
[END INTERVAL DATA]

[MODE DATA]
[END MODE DATA]

