[COURSE HEADER]
VERSION = 0
UNITS = ENGLISH
DESCRIPTION = Kailash,67,212. Created by 1273.
FILE NAME = none
MINUTES	FTP
[END COURSE HEADER]

[COURSE DATA]
0	50
10	70
10	70
25	70
25	70
26	66
26	66
40	66
40	66
41	63
41	63
55	63
55	63
56	67
56	67
70	67
70	63
70	67
71	64
71	64
85	64
85	64
86	70
86	70
100	70
100	70
101	65
101	65
115	65
115	65
116	69
116	69
130	69
130	69
131	74
131	74
145	74
145	74
146	71
146	71
160	71
160	71
161	69
161	69
175	69
175	69
176	65
176	65
190	65
190	65
191	60
191	60
205	60
205	61
206	63
206	63
220	63
220	63
221	68
221	68
235	68
235	68
236	65
236	65
250	65
250	65
251	70
251	70
265	70
265	70
266	65
266	65
280	65
280	65
285	50
[END COURSE DATA]

[COURSE TEXT]
[END COURSE TEXT]

[INTERVAL DATA]
0	17100	Workout
600	1500	Endurance 1
1500	1560	Endurance 2
1560	2400	Endurance 3
2400	2460	Endurance 4
2460	3300	Endurance 5
3300	3360	Endurance 6
3360	4200	Endurance 7
4200	4260	Endurance 8
4260	5100	Endurance 9
5100	5160	Endurance 10
5160	6000	Endurance 11
6000	6060	Endurance 12
6060	6900	Endurance 13
6900	6960	Endurance 14
6960	7800	Endurance 15
7800	7860	Endurance 16
7860	8700	Endurance 17
8700	8760	Endurance 18
8760	9600	Endurance 19
9600	9660	Endurance 20
9660	10500	Endurance 21
10500	10560	Endurance 22
10560	11400	Endurance 23
11400	11460	Endurance 24
11460	12300	Endurance 25
12300	12360	Endurance 26
12360	13200	Endurance 27
13200	13260	Endurance 28
13260	14100	Endurance 29
14100	14160	Endurance 30
14160	15000	Endurance 31
15000	15060	Endurance 32
15060	15900	Endurance 33
15900	15960	Endurance 34
15960	16800	Endurance 35
[END INTERVAL DATA]

[MODE DATA]
[END MODE DATA]

