[COURSE HEADER]
VERSION = 0
UNITS = ENGLISH
DESCRIPTION = Sufferfest The Way Out,82,68. Created by 11407.
FILE NAME = none
MINUTES	FTP
[END COURSE HEADER]

[COURSE DATA]
0	35
2.46	35
2.46	35
5.46	35
5.46	45
7.46	45
7.46	65
8.46	65
8.46	45
9.46	45
9.46	75
10.46	75
10.46	45
11.46	45
11.46	85
12.38	85
12.38	35
13.88	35
13.88	75
15.88	75
15.88	97
18.96	97
18.96	85
19.88	85
19.88	35
20.88	35
20.88	75
24.38	75
24.38	97
24.9	97
24.9	85
27.41	85
27.41	105
27.88	105
27.88	95
29.36	95
29.36	100
29.88	100
29.88	35
31.38	35
31.38	97
33.38	97
33.38	75
35.38	75
35.38	97
37.38	97
37.38	75
39.38	75
39.38	97
41.38	97
41.38	35
42.38	35
42.38	85
43.38	85
43.38	90
45.38	90
45.38	97
47.38	97
47.38	100
50.35	100
50.35	35
51.35	35
51.35	85
52.35	85
52.35	90
53.48	90
53.48	85
54.38	85
54.38	100
55.38	100
55.38	35
56.38	35
56.38	95
56.88	95
56.88	100
57.38	100
57.38	105
58.38	105
58.38	35
60.96	35
[END COURSE DATA]

[COURSE TEXT]
[END COURSE TEXT]

[INTERVAL DATA]
0	3658	Workout
448	508	Endurance 1
568	628	Endurance 2
688	743	Sweet Spot 1
833	953	Endurance 3
953	1138	Threshold 1
1138	1193	Sweet Spot 2
1253	1463	Endurance 4
1463	1494	Threshold 2
1494	1645	Sweet Spot 3
1645	1673	Threshold 3
1673	1762	Sweet Spot 4
1762	1793	Threshold 4
1883	2003	Threshold 5
2003	2123	Endurance 5
2123	2243	Threshold 6
2243	2363	Endurance 6
2363	2483	Threshold 7
2543	2603	Sweet Spot 5
2603	2723	Sweet Spot 6
2723	2843	Threshold 8
2843	3021	Threshold 9
3081	3141	Sweet Spot 7
3141	3209	Sweet Spot 8
3209	3263	Sweet Spot 9
3263	3323	Threshold 10
3383	3413	Sweet Spot 10
3413	3443	Threshold 11
3443	3503	Threshold 12
[END INTERVAL DATA]

[MODE DATA]
[END MODE DATA]

