[COURSE HEADER]
VERSION = 0
UNITS = ENGLISH
DESCRIPTION = Sufferfest Power Station,83,58. Created by 11407.
FILE NAME = none
MINUTES	FTP
[END COURSE HEADER]

[COURSE DATA]
0	30
2.56	30
2.56	30
4.53	30
4.53	40
6.03	40
6.03	65
7.63	65
7.63	75
8.65	75
8.65	65
9.65	65
9.65	85
10.15	85
10.15	75
10.65	75
10.65	95
11.3	95
11.3	100
11.46	100
11.46	95
11.65	95
11.65	40
12.65	40
12.65	95
13.2	95
13.2	100
14.21	100
14.21	30
16.21	30
16.21	95
16.61	95
16.61	100
16.7	100
16.7	95
17.2	95
17.2	100
17.53	100
17.53	105
17.66	105
17.66	100
18.11	100
18.11	105
18.55	105
18.55	110
18.75	110
18.75	105
19.2	105
19.2	30
20.7	30
20.7	100
22.21	100
22.21	95
23.7	95
23.7	30
25.2	30
25.2	100
27.2	100
27.2	105
28.21	105
28.21	27
30.21	27
30.21	100
33.21	100
33.21	30
35.21	30
35.21	125
35.71	125
35.71	100
36.71	100
36.71	125
37.21	125
37.21	100
38.21	100
38.21	30
39.73	30
39.73	95
40.38	95
40.38	105
41.06	105
41.06	100
41.73	100
41.73	30
42.71	30
42.71	95
43.9	95
43.9	105
44.93	105
44.93	115
45.35	115
45.35	135
45.73	135
45.73	30
50.83	30
[END COURSE DATA]

[COURSE TEXT]
[END COURSE TEXT]

[INTERVAL DATA]
0	3050	Workout
362	458	Endurance 1
458	519	Endurance 2
519	579	Endurance 3
579	609	Sweet Spot 1
609	639	Endurance 4
639	678	Sweet Spot 2
678	688	Threshold 1
688	699	Sweet Spot 3
759	792	Sweet Spot 4
792	853	Threshold 2
973	997	Sweet Spot 5
997	1002	Threshold 3
1002	1032	Sweet Spot 6
1032	1052	Threshold 4
1052	1060	Threshold 5
1060	1087	Threshold 6
1087	1113	Threshold 7
1113	1125	VO2 Max 1
1125	1152	Threshold 8
1242	1333	Threshold 9
1333	1422	Sweet Spot 7
1512	1632	Threshold 10
1632	1693	Threshold 11
1813	1993	Threshold 12
2113	2143	Sprint 1
2143	2203	Threshold 13
2203	2233	Sprint 2
2233	2293	Threshold 14
2384	2423	Sweet Spot 8
2423	2464	Threshold 15
2464	2504	Threshold 16
2563	2634	Sweet Spot 9
2634	2696	Threshold 17
2696	2721	VO2 Max 2
2721	2744	Sprint 3
[END INTERVAL DATA]

[MODE DATA]
[END MODE DATA]

