[COURSE HEADER]
VERSION = 0
UNITS = ENGLISH
DESCRIPTION = Neblina,66,242. Created by 1273.
FILE NAME = none
MINUTES	FTP
[END COURSE HEADER]

[COURSE DATA]
0	50
10	70
10	70
25	70
25	70
26	66
26	66
40	66
40	66
41	63
41	63
55	63
55	63
56	67
56	67
70	67
70	67
71	64
71	64
85	64
85	64
86	70
86	70
100	70
100	70
101	66
101	66
115	66
115	66
116	64
116	64
130	64
130	64
131	69
131	69
145	69
145	69
146	74
146	74
160	74
160	74
161	71
161	71
175	71
175	71
176	69
176	69
190	69
190	69
191	65
191	65
205	65
205	65
206	60
206	60
220	60
220	60
220	60
221	65
221	65
235	65
235	65
236	60
236	60
250	60
250	61
251	63
251	63
265	63
265	63
266	68
266	68
280	68
280	68
281	65
281	65
295	65
295	65
296	70
296	70
310	70
310	70
311	65
311	65
325	65
325	65
330	50
[END COURSE DATA]

[COURSE TEXT]
[END COURSE TEXT]

[INTERVAL DATA]
0	19800	Workout
600	1500	Endurance 1
1500	1560	Endurance 2
1560	2400	Endurance 3
2400	2460	Endurance 4
2460	3300	Endurance 5
3300	3360	Endurance 6
3360	4200	Endurance 7
4200	4260	Endurance 8
4260	5100	Endurance 9
5100	5160	Endurance 10
5160	6000	Endurance 11
6000	6060	Endurance 12
6060	6900	Endurance 13
6900	6960	Endurance 14
6960	7800	Endurance 15
7800	7860	Endurance 16
7860	8700	Endurance 17
8700	8760	Endurance 18
8760	9600	Endurance 19
9600	9660	Endurance 20
9660	10500	Endurance 21
10500	10560	Endurance 22
10560	11400	Endurance 23
11400	11460	Endurance 24
11460	12300	Endurance 25
12300	12360	Endurance 26
12360	13200	Endurance 27
13200	13260	Endurance 28
13260	14100	Endurance 29
14100	14160	Endurance 30
14160	15000	Endurance 31
15000	15060	Endurance 32
15060	15900	Endurance 33
15900	15960	Endurance 34
15960	16800	Endurance 35
16800	16860	Endurance 36
16860	17700	Endurance 37
17700	17760	Endurance 38
17760	18600	Endurance 39
18600	18660	Endurance 40
18660	19500	Endurance 41
[END INTERVAL DATA]

[MODE DATA]
[END MODE DATA]

