[COURSE HEADER]
VERSION = 0
UNITS = ENGLISH
DESCRIPTION = Bandeira,66,263. Created by 1273.
FILE NAME = none
MINUTES	FTP
[END COURSE HEADER]

[COURSE DATA]
0	50
10	70
10	70
25	70
25	70
26	66
26	66
40	66
40	66
41	63
41	63
55	63
55	63
56	67
56	67
70	67
70	67
71	64
71	64
85	64
85	64
86	66
86	66
100	66
100	66
101	62
101	62
115	62
115	62
116	70
116	70
130	70
130	70
131	66
131	66
145	66
145	66
146	64
146	64
160	64
160	64
161	69
161	69
175	69
175	69
176	74
176	74
190	74
190	74
191	71
191	71
205	71
205	71
206	69
206	69
220	69
220	69
221	65
221	65
235	65
235	65
236	60
236	60
250	60
250	60
251	65
251	65
265	65
265	65
266	60
266	60
280	60
280	61
281	63
281	63
295	63
295	63
296	68
296	68
310	68
310	68
311	65
311	65
325	65
325	65
326	70
326	70
340	70
340	70
341	65
341	65
355	65
355	65
360	50
[END COURSE DATA]

[COURSE TEXT]
[END COURSE TEXT]

[INTERVAL DATA]
0	21600	Workout
600	1500	Endurance 1
1500	1560	Endurance 2
1560	2400	Endurance 3
2400	2460	Endurance 4
2460	3300	Endurance 5
3300	3360	Endurance 6
3360	4200	Endurance 7
4200	4260	Endurance 8
4260	5100	Endurance 9
5100	5160	Endurance 10
5160	6000	Endurance 11
6000	6060	Endurance 12
6060	6900	Endurance 13
6900	6960	Endurance 14
6960	7800	Endurance 15
7800	7860	Endurance 16
7860	8700	Endurance 17
8700	8760	Endurance 18
8760	9600	Endurance 19
9600	9660	Endurance 20
9660	10500	Endurance 21
10500	10560	Endurance 22
10560	11400	Endurance 23
11400	11460	Endurance 24
11460	12300	Endurance 25
12300	12360	Endurance 26
12360	13200	Endurance 27
13200	13260	Endurance 28
13260	14100	Endurance 29
14100	14160	Endurance 30
14160	15000	Endurance 31
15000	15060	Endurance 32
15060	15900	Endurance 33
15900	15960	Endurance 34
15960	16800	Endurance 35
16800	16860	Endurance 36
16860	17700	Endurance 37
17700	17760	Endurance 38
17760	18600	Endurance 39
18600	18660	Endurance 40
18660	19500	Endurance 41
19500	19560	Endurance 42
19560	20400	Endurance 43
20400	20460	Endurance 44
20460	21300	Endurance 45
[END INTERVAL DATA]

[MODE DATA]
[END MODE DATA]

