[COURSE HEADER]
VERSION = 0
UNITS = ENGLISH
DESCRIPTION = Whitney +3,98,32. Created by 1273.
FILE NAME = none
MINUTES	FTP
[END COURSE HEADER]

[COURSE DATA]
0	50
5	65
5	160
5.33	160
5.33	40
5.5	40
5.5	160
5.83	160
5.83	40
6	40
6	160
6.33	160
6.33	40
6.5	40
6.5	160
6.83	160
6.83	40
7	40
7	160
7.33	160
7.33	40
7.5	40
7.5	160
7.83	160
7.83	40
9.83	40
9.83	160
10.16	160
10.16	40
10.33	40
10.33	160
10.66	160
10.66	40
10.83	40
10.83	160
11.16	160
11.16	40
11.33	40
11.33	160
11.66	160
11.66	40
11.83	40
11.83	160
12.16	160
12.16	40
12.33	40
12.33	160
12.66	160
12.66	40
14.66	40
14.66	160
15	160
15	40
15.16	40
15.16	160
15.5	160
15.5	40
15.66	40
15.66	160
16	160
16	40
16.16	40
16.16	160
16.5	160
16.5	40
16.66	40
16.66	160
17	160
17	40
17.16	40
17.16	160
17.5	160
17.5	40
20	30
[END COURSE DATA]

[COURSE TEXT]
[END COURSE TEXT]

[INTERVAL DATA]
0	1200	Workout
300	320	Sprint 1
330	350	Sprint 2
360	380	Sprint 3
390	410	Sprint 4
420	440	Sprint 5
450	470	Sprint 6
590	610	Sprint 7
620	640	Sprint 8
650	670	Sprint 9
680	700	Sprint 10
710	730	Sprint 11
740	760	Sprint 12
880	900	Sprint 13
910	930	Sprint 14
940	960	Sprint 15
970	990	Sprint 16
1000	1020	Sprint 17
1030	1050	Sprint 18
[END INTERVAL DATA]

[MODE DATA]
[END MODE DATA]

