[COURSE HEADER]
VERSION = 0
UNITS = ENGLISH
DESCRIPTION = Sufferfest A Very Dark Place,98,82. Created by 1380.
FILE NAME = none
MINUTES	FTP
[END COURSE HEADER]

[COURSE DATA]
0	50
4.16	50
4.16	74
6.25	74
6.25	80
7.21	80
7.21	86
8.25	86
8.25	93
9.78	93
9.78	150
10.31	150
10.31	86
11.56	86
11.56	88
12.03	88
12.03	150
12.55	150
12.55	85
13.76	85
13.76	110
17.78	110
17.78	50
20.8	50
20.8	110
21.41	110
21.41	113
23.03	113
23.03	116
23.33	116
23.33	119
24.11	119
24.11	122
24.76	122
24.76	50
27.81	50
27.81	122
28.13	122
28.13	113
29.88	113
29.88	122
30.2	122
30.2	116
30.9	116
30.9	119
31.61	119
31.61	134
31.86	134
31.86	50
34.86	50
34.86	110
35.25	110
35.25	122
35.56	122
35.56	110
35.81	110
35.81	116
36.13	116
36.13	110
36.33	110
36.33	122
36.7	122
36.7	110
36.9	110
36.9	122
37.35	122
37.35	110
37.56	110
37.56	122
37.81	122
37.81	98
38.06	98
38.06	122
38.93	122
38.93	50
41.95	50
41.95	110
42.25	110
42.25	116
44.15	116
44.15	119
45.65	119
45.65	134
45.96	134
45.96	50
50.83	50
[END COURSE DATA]

[COURSE TEXT]
[END COURSE TEXT]

[INTERVAL DATA]
0	3050	Workout
250	375	Endurance 1
375	433	Tempo 1
433	495	Sweet Spot 1
495	587	Sweet Spot 2
587	619	Anaerobic Capacity 1
619	694	Sweet Spot 3
694	722	Sweet Spot 4
722	753	Anaerobic Capacity 2
753	826	Sweet Spot 5
826	1067	VO2 Max 1
1248	1285	VO2 Max 2
1285	1382	VO2 Max 3
1382	1400	VO2 Max 4
1400	1447	VO2 Max 5
1447	1486	Anaerobic Capacity 3
1669	1688	Sprint 1
1688	1793	VO2 Max 6
1793	1812	Sprint 2
1812	1854	VO2 Max 7
1854	1897	VO2 Max 8
1897	1912	Sprint 3
2092	2115	VO2 Max 9
2115	2134	Sprint 4
2134	2149	VO2 Max 10
2149	2168	VO2 Max 11
2168	2180	VO2 Max 12
2180	2202	Sprint 5
2202	2214	VO2 Max 13
2214	2241	Sprint 6
2241	2254	VO2 Max 14
2254	2269	Sprint 7
2269	2284	Threshold 1
2284	2336	Anaerobic Capacity 4
2517	2535	VO2 Max 15
2535	2649	VO2 Max 16
2649	2739	VO2 Max 17
2739	2758	Sprint 8
[END INTERVAL DATA]

[MODE DATA]
[END MODE DATA]

