[COURSE HEADER]
VERSION = 0
UNITS = ENGLISH
DESCRIPTION = Sufferfest The Long Scream,99,59. Created by 11407.
FILE NAME = none
MINUTES	FTP
[END COURSE HEADER]

[COURSE DATA]
0	50
2.01	50
2.01	68
3.15	68
3.15	0
3.4	0
3.4	95
4.13	95
4.13	88
4.26	88
4.26	95
5.06	95
5.06	88
5.25	88
5.25	97
6.6	97
6.6	95
6.6	95
6.6	99
9.18	99
9.18	102
9.9	102
9.9	88
10.01	88
10.01	102
10.66	102
10.66	88
10.8	88
10.8	102
11.05	102
11.05	88
11.15	88
11.15	102
11.21	102
11.21	88
11.31	88
11.31	102
12.6	102
12.6	88
12.73	88
12.73	102
14.65	102
14.65	105
16.36	105
16.36	88
16.48	88
16.48	105
17.11	105
17.11	88
17.21	88
17.21	105
18.78	105
18.78	88
18.88	88
18.88	105
19.76	105
19.76	88
19.85	88
19.85	105
22.23	105
22.23	88
22.33	88
22.33	105
22.71	105
22.71	88
22.9	88
22.9	105
23.85	105
23.85	106
24.26	106
24.26	90
24.36	90
24.36	106
25.16	106
25.16	90
25.3	90
25.3	106
26.36	106
26.36	90
26.46	90
26.46	106
29.1	106
29.1	90
29.2	90
29.2	106
29.68	106
29.68	90
29.8	90
29.8	106
30.36	106
30.36	109
31.16	109
31.16	90
31.35	90
31.35	109
32.25	109
32.25	90
32.36	90
32.36	109
32.61	109
32.61	90
32.7	90
32.7	109
32.98	109
32.98	90
33.1	90
33.1	140
33.38	140
33.38	50
36.11	50
[END COURSE DATA]

[COURSE TEXT]
[END COURSE TEXT]

[INTERVAL DATA]
0	2167	Workout
204	248	Sweet Spot 1
248	256	Sweet Spot 2
256	304	Sweet Spot 3
304	315	Sweet Spot 4
315	396	Threshold 1
396	551	Threshold 2
551	594	Threshold 3
594	601	Sweet Spot 5
601	640	Threshold 4
640	648	Sweet Spot 6
648	663	Threshold 5
663	669	Sweet Spot 7
669	673	Threshold 6
673	679	Sweet Spot 8
679	756	Threshold 7
756	764	Sweet Spot 9
764	879	Threshold 8
879	982	Threshold 9
982	989	Sweet Spot 10
989	1027	Threshold 10
1027	1033	Sweet Spot 11
1033	1127	Threshold 11
1127	1133	Sweet Spot 12
1133	1186	Threshold 12
1186	1191	Sweet Spot 13
1191	1334	Threshold 13
1334	1340	Sweet Spot 14
1340	1363	Threshold 14
1363	1374	Sweet Spot 15
1374	1431	Threshold 15
1431	1456	VO2 Max 1
1456	1462	Sweet Spot 16
1462	1510	VO2 Max 2
1510	1518	Sweet Spot 17
1518	1582	VO2 Max 3
1582	1588	Sweet Spot 18
1588	1746	VO2 Max 4
1746	1752	Sweet Spot 19
1752	1781	VO2 Max 5
1781	1788	Sweet Spot 20
1788	1822	VO2 Max 6
1822	1870	VO2 Max 7
1870	1881	Sweet Spot 21
1881	1935	VO2 Max 8
1935	1942	Sweet Spot 22
1942	1957	VO2 Max 9
1957	1962	Sweet Spot 23
1962	1979	VO2 Max 10
1979	1986	Sweet Spot 24
1986	2003	Sprint 1
[END INTERVAL DATA]

[MODE DATA]
[END MODE DATA]

