[COURSE HEADER]
VERSION = 0
UNITS = ENGLISH
DESCRIPTION = CycleFilm Roads to Glory Vol 1,81,84. Created by 11407.
FILE NAME = none
MINUTES	FTP
[END COURSE HEADER]

[COURSE DATA]
0	40
4.35	40
4.35	50
9.43	50
9.43	70
17.1	70
17.1	100
18.75	100
18.75	130
18.85	130
18.85	110
19.1	110
19.1	50
24.18	50
24.18	80
36.06	80
36.06	110
38.75	110
38.75	160
39.1	160
39.1	50
45.1	50
45.1	110
48.16	110
48.16	130
48.83	130
48.83	150
49.18	150
49.18	50
54.25	50
54.25	70
60.06	70
60.06	110
63.66	110
63.66	130
64.01	130
64.01	50
75.96	50
75.96	50
75.96	50
75.96	130
75.96	130
75.96	110
75.96	110
75.96	70
75.96	70
75.96	50
75.96	50
75.96	150
75.96	150
75.96	130
75.96	130
75.96	110
75.96	110
75.96	50
75.96	50
75.96	160
75.96	160
75.96	110
75.96	110
75.96	80
75.96	80
75.96	50
75.96	50
75.96	110
75.96	110
75.96	130
75.96	130
75.96	134
75.96	134
75.96	200
75.96	200
75.96	110
75.96	110
75.96	50
75.96	50
[END COURSE DATA]

[COURSE TEXT]
[END COURSE TEXT]

[INTERVAL DATA]
0	4558	Workout
1026	1125	Threshold 1
1125	1131	Sprint 1
1131	1146	VO2 Max 1
1451	2164	Tempo 1
2164	2325	VO2 Max 2
2325	2346	Sprint 2
2706	2890	VO2 Max 3
2890	2930	Anaerobic Capacity 1
2930	2951	Sprint 3
3604	3820	VO2 Max 4
3820	3841	Sprint 4
[END INTERVAL DATA]

[MODE DATA]
[END MODE DATA]

