[COURSE HEADER]
VERSION = 0
UNITS = ENGLISH
DESCRIPTION = Ride Fit Three Times Up,96,89. Created by 11407.
FILE NAME = none
MINUTES	FTP
[END COURSE HEADER]

[COURSE DATA]
0	0
0.3	0
0.3	45
2.43	45
2.43	63
4	63
4	99
6	99
6	49
6.5	49
6.5	96
7.5	96
7.5	92
9.5	92
9.5	96
11.5	96
11.5	107
12.5	107
12.5	121
13.25	121
13.25	107
14	107
14	96
14.5	96
14.5	49
15	49
15	93
15.75	93
15.75	104
16.5	104
16.5	115
17.25	115
17.25	128
18.75	128
18.75	115
19.5	115
19.5	104
20.25	104
20.25	93
21	93
21	49
21.5	49
21.5	96
22.5	96
22.5	92
24.5	92
24.5	96
26.5	96
26.5	107
27.5	107
27.5	121
28.25	121
28.25	107
29	107
29	96
29.5	96
29.5	49
30	49
30	82
30.3	82
30.3	93
30.9	93
30.9	82
31.08	82
31.08	115
32.2	115
32.2	82
32.55	82
32.55	115
33.25	115
33.25	110
33.66	110
33.66	99
34.33	99
34.33	77
34.66	77
34.66	99
35.41	99
35.41	77
35.75	77
35.75	99
36.5	99
36.5	49
37	49
37	96
38	96
38	92
40	92
40	96
42	96
42	107
43	107
43	121
43.75	121
43.75	107
44.5	107
44.5	96
45	96
45	49
45.5	49
45.5	88
47.5	88
47.5	104
48.75	104
48.75	114
50	114
50	49
50.5	49
50.5	99
52.66	99
52.66	49
57.5	49
[END COURSE DATA]

[COURSE TEXT]
[END COURSE TEXT]

[INTERVAL DATA]
0	3450	Workout
146	240	Endurance 1
240	360	Threshold 1
390	450	Threshold 2
450	570	Sweet Spot 1
570	690	Threshold 3
690	750	VO2 Max 1
750	795	Anaerobic Capacity 1
795	840	VO2 Max 2
840	870	Threshold 4
900	945	Sweet Spot 2
945	990	Threshold 5
990	1035	VO2 Max 3
1035	1125	Anaerobic Capacity 2
1125	1170	VO2 Max 4
1170	1215	Threshold 6
1215	1260	Sweet Spot 3
1290	1350	Threshold 7
1350	1470	Sweet Spot 4
1470	1590	Threshold 8
1590	1650	VO2 Max 5
1650	1695	Anaerobic Capacity 3
1695	1740	VO2 Max 6
1740	1770	Threshold 9
1800	1818	Tempo 1
1818	1854	Sweet Spot 5
1854	1865	Tempo 2
1865	1932	VO2 Max 7
1932	1953	Tempo 3
1953	1995	VO2 Max 8
1995	2020	VO2 Max 9
2020	2060	Threshold 10
2060	2080	Tempo 4
2080	2125	Threshold 11
2125	2145	Tempo 5
2145	2190	Threshold 12
2220	2280	Threshold 13
2280	2400	Sweet Spot 6
2400	2520	Threshold 14
2520	2580	VO2 Max 10
2580	2625	Anaerobic Capacity 4
2625	2670	VO2 Max 11
2670	2700	Threshold 15
2730	2850	Sweet Spot 7
2850	2925	Threshold 16
2925	3000	VO2 Max 12
3030	3160	Threshold 17
[END INTERVAL DATA]

[MODE DATA]
[END MODE DATA]

