[COURSE HEADER]
VERSION = 0
UNITS = ENGLISH
DESCRIPTION = Ride Fit Alpine Challenge,95,104. Created by 32632.
FILE NAME = none
MINUTES	FTP
[END COURSE HEADER]

[COURSE DATA]
0	41
3	41
3	60
4.38	60
4.38	40
6.48	40
6.48	70
6.86	70
6.86	90
8.3	90
8.3	85
8.66	85
8.66	95
9.11	95
9.11	75
9.56	75
9.56	105
11.46	105
11.46	75
12.06	75
12.06	110
14	110
14	40
15.28	40
15.28	90
15.75	90
15.75	99
16.35	99
16.35	110
19.95	110
19.95	95
23.41	95
23.41	105
23.68	105
23.68	115
25.95	115
25.95	95
27.13	95
27.13	110
32.05	110
32.05	95
33.43	95
33.43	110
35.16	110
35.16	95
35.75	95
35.75	110
39.16	110
39.16	100
39.53	100
39.53	90
39.73	90
39.73	73
40.11	73
40.11	71
40.81	71
40.81	73
41.21	73
41.21	71
41.88	71
41.88	73
43.65	73
43.65	85
43.96	85
43.96	95
44.13	95
44.13	100
44.76	100
44.76	95
46.43	95
46.43	90
52.96	90
52.96	95
56.7	95
56.7	90
57.2	90
57.2	95
59.46	95
59.46	92
60.41	92
60.41	90
61.21	90
61.21	85
61.8	85
61.8	110
62.03	110
62.03	113
62.28	113
62.28	115
63.4	115
63.4	110
64	110
64	40
69.05	40
69.05	71
68.65	71
68.65	73
69.05	73
[END COURSE DATA]

[COURSE TEXT]
[END COURSE TEXT]

[INTERVAL DATA]
0	4143	Workout
180	263	Endurance 1
389	412	Endurance 2
412	498	Sweet Spot 1
498	520	Sweet Spot 2
520	547	Sweet Spot 3
547	574	Endurance 3
574	688	Threshold 1
688	724	Endurance 4
724	840	VO2 Max 1
917	945	Sweet Spot 4
945	981	Threshold 2
981	1197	VO2 Max 2
1197	1405	Sweet Spot 5
1405	1421	Threshold 3
1421	1557	VO2 Max 3
1557	1628	Sweet Spot 6
1628	1923	VO2 Max 4
1923	2006	Sweet Spot 7
2006	2110	VO2 Max 5
2110	2145	Sweet Spot 8
2145	2350	VO2 Max 6
2350	2372	Threshold 4
2372	2384	Sweet Spot 9
2384	2407	Endurance 5
2407	2449	Endurance 6
2449	2473	Endurance 7
2473	2513	Endurance 8
2513	2619	Endurance 9
2619	2638	Sweet Spot 10
2638	2648	Sweet Spot 11
2648	2686	Threshold 5
2686	2786	Sweet Spot 12
2786	3178	Sweet Spot 13
3178	3402	Sweet Spot 14
3402	3432	Sweet Spot 15
3432	3568	Sweet Spot 16
3568	3625	Sweet Spot 17
3625	3673	Sweet Spot 18
3673	3708	Sweet Spot 19
3708	3722	VO2 Max 7
3722	3737	VO2 Max 8
3737	3804	VO2 Max 9
3804	3840	VO2 Max 10
4119	4143	Endurance 10
[END INTERVAL DATA]

[MODE DATA]
[END MODE DATA]

