[COURSE HEADER]
VERSION = 0
UNITS = ENGLISH
DESCRIPTION = Rides New York,90,102. Created by 12781.
FILE NAME = none
MINUTES	FTP
[END COURSE HEADER]

[COURSE DATA]
0	40
0	40
0	40
0.8	40
0.8	40
3.3	40
3.3	60
5.3	60
5.3	100
6.3	100
6.3	80
7.8	80
7.8	60
9.13	60
9.13	100
9.81	100
9.81	120
10.83	120
10.83	60
11.18	60
11.18	120
11.6	120
11.6	40
12.3	40
12.3	100
12.63	100
12.63	80
13.23	80
13.23	120
13.48	120
13.48	80
14.06	80
14.06	80
14.81	80
14.81	80
16.81	80
16.81	60
20.76	60
20.76	120
21.53	120
21.53	100
25.68	100
25.68	120
26.53	120
26.53	100
32.58	100
32.58	60
33.71	60
33.71	80
34.58	80
34.58	60
35.81	60
35.81	80
38.83	80
38.83	120
39.33	120
39.33	60
42.83	60
42.83	80
44.58	80
44.58	80
46.33	80
46.33	60
47.33	60
47.33	80
49.08	80
49.08	80
49.81	80
49.81	120
50.93	120
50.93	60
53.68	60
53.68	80
57.33	80
57.33	60
58.78	60
58.78	100
61.68	100
61.68	120
63.78	120
63.78	100
65.36	100
65.36	80
66.83	80
66.83	100
68.38	100
68.38	80
69.35	80
69.35	100
70.88	100
70.88	120
72.38	120
72.38	80
73.1	80
73.1	100
73.35	100
73.35	40
75.4	40
[END COURSE DATA]

[COURSE TEXT]
[END COURSE TEXT]

[INTERVAL DATA]
0	4524	Workout
318	378	Threshold 1
378	468	Tempo 1
548	589	Threshold 2
589	650	VO2 Max 1
671	696	VO2 Max 2
738	758	Threshold 3
758	794	Tempo 2
794	809	VO2 Max 3
809	1009	Tempo 3
1246	1292	VO2 Max 4
1292	1541	Threshold 4
1541	1592	VO2 Max 5
1592	1955	Threshold 5
2023	2075	Tempo 4
2149	2330	Tempo 5
2330	2360	VO2 Max 6
2570	2780	Tempo 6
2840	2989	Tempo 7
2989	3056	VO2 Max 7
3221	3440	Tempo 8
3527	3701	Threshold 6
3701	3827	VO2 Max 8
3827	3922	Threshold 7
3922	4010	Tempo 9
4010	4103	Threshold 8
4103	4161	Tempo 10
4161	4253	Threshold 9
4253	4343	VO2 Max 9
4343	4386	Tempo 11
4386	4401	Threshold 10
[END INTERVAL DATA]

[MODE DATA]
[END MODE DATA]

