[COURSE HEADER]
VERSION = 0
UNITS = ENGLISH
DESCRIPTION = RealRides Force,92,103. Created by 11407.
FILE NAME = none
MINUTES	FTP
[END COURSE HEADER]

[COURSE DATA]
0	30
5	30
5	50
7.01	50
7.01	60
8.98	60
8.98	80
11	80
11	100
13	100
13	110
15	110
15	40
16.21	40
16.21	70
17.35	70
17.35	80
17.58	80
17.58	90
17.83	90
17.83	100
18.43	100
18.43	110
18.7	110
18.7	100
20.1	100
20.1	110
21.06	110
21.06	100
23.61	100
23.61	90
23.75	90
23.75	100
23.91	100
23.91	110
24.45	110
24.45	100
25.26	100
25.26	110
25.41	110
25.41	100
26.75	100
26.75	90
26.83	90
26.83	80
27.05	80
27.05	110
27.15	110
27.15	120
27.85	120
27.85	40
30.73	40
30.73	70
31.83	70
31.83	100
41.31	100
41.31	110
41.66	110
41.66	140
41.85	140
41.85	40
43.93	40
43.93	70
44.53	70
44.53	80
45.01	80
45.01	90
46.98	90
46.98	100
50.9	100
50.9	110
53.9	110
53.9	100
53.98	100
53.98	90
54.06	90
54.06	80
54.23	80
54.23	120
55.03	120
55.03	40
55.85	40
55.85	60
56.58	60
56.58	40
58.46	40
58.46	70
58.95	70
58.95	100
68.45	100
68.45	110
68.8	110
68.8	140
68.98	140
68.98	40
73.66	40
[END COURSE DATA]

[COURSE TEXT]
[END COURSE TEXT]

[INTERVAL DATA]
0	4420	Workout
300	421	Active Recovery 1
421	539	Endurance 1
539	660	Tempo 1
660	780	Threshold 1
780	900	VO2 Max 1
973	1041	Endurance 2
1041	1055	Tempo 2
1055	1070	Sweet Spot 1
1070	1106	Threshold 2
1106	1122	VO2 Max 2
1122	1206	Threshold 3
1206	1264	VO2 Max 3
1264	1417	Threshold 4
1417	1425	Sweet Spot 2
1425	1435	Threshold 5
1435	1467	VO2 Max 4
1467	1516	Threshold 6
1516	1525	VO2 Max 5
1525	1605	Threshold 7
1605	1610	Sweet Spot 3
1610	1623	Tempo 3
1623	1629	VO2 Max 6
1629	1671	VO2 Max 7
1844	1910	Endurance 3
1910	2479	Threshold 8
2479	2500	VO2 Max 8
2500	2511	Sprint 1
2636	2672	Endurance 4
2672	2701	Tempo 4
2701	2819	Sweet Spot 4
2819	3054	Threshold 9
3054	3234	VO2 Max 9
3234	3239	Threshold 10
3239	3244	Sweet Spot 5
3244	3254	Tempo 5
3254	3302	VO2 Max 10
3351	3395	Endurance 5
3508	3537	Endurance 6
3537	4107	Threshold 11
4107	4128	VO2 Max 11
4128	4139	Sprint 2
[END INTERVAL DATA]

[MODE DATA]
[END MODE DATA]

