[COURSE HEADER]
VERSION = 0
UNITS = ENGLISH
DESCRIPTION = RealRides Climb ,90,111. Created by 29233.
FILE NAME = none
MINUTES	FTP
[END COURSE HEADER]

[COURSE DATA]
0	30
6.05	30
6.05	67
8.03	67
8.03	82
10.03	82
10.03	97
12.03	97
12.03	107
14.03	107
14.03	121
15.08	121
15.08	45
16.05	45
16.05	40
19.53	40
19.53	35
20.13	35
20.13	100
21.51	100
21.51	40
23.55	40
23.55	110
24.6	110
24.6	40
26.56	40
26.56	120
27.48	120
27.48	40
29.48	40
29.48	120
30.01	120
30.01	40
34.08	40
34.08	110
34.56	110
34.56	100
35.13	100
35.13	110
35.66	110
35.66	100
36.65	100
36.65	110
38.08	110
38.08	140
38.16	140
38.16	40
40.56	40
40.56	100
41.53	100
41.53	110
42.88	110
42.88	130
43.7	130
43.7	40
45.96	40
45.96	100
47.76	100
47.76	110
49.2	110
49.2	135
49.63	135
49.63	40
54.16	40
54.16	100
56.73	100
56.73	110
57.33	110
57.33	100
57.86	100
57.86	110
58.56	110
58.56	100
59.45	100
59.45	110
59.8	110
59.8	100
60.58	100
60.58	110
61.18	110
61.18	100
63.15	100
63.15	110
63.48	110
63.48	100
64.93	100
64.93	110
65.5	110
65.5	150
65.6	150
65.6	40
68.71	40
68.71	100
71.01	100
71.01	110
71.2	110
71.2	100
72.63	100
72.63	110
73.1	110
73.1	100
74.18	100
74.18	110
74.58	110
74.58	100
76.11	100
76.11	110
76.73	110
76.73	150
77.01	150
77.01	110
77.46	110
77.46	130
78.63	130
78.63	40
82.08	40
[END COURSE DATA]

[COURSE TEXT]
[END COURSE TEXT]

[INTERVAL DATA]
0	4925	Workout
363	482	Endurance 1
482	602	Tempo 1
602	722	Threshold 1
722	842	VO2 Max 1
842	905	Anaerobic Capacity 1
1208	1291	Threshold 2
1413	1476	VO2 Max 2
1594	1649	VO2 Max 3
1769	1801	VO2 Max 4
2045	2074	VO2 Max 5
2074	2108	Threshold 3
2108	2140	VO2 Max 6
2140	2199	Threshold 4
2199	2285	VO2 Max 7
2285	2290	Sprint 1
2434	2492	Threshold 5
2492	2573	VO2 Max 8
2573	2622	Anaerobic Capacity 2
2758	2866	Threshold 6
2866	2952	VO2 Max 9
2952	2978	Sprint 2
3250	3404	Threshold 7
3404	3440	VO2 Max 10
3440	3472	Threshold 8
3472	3514	VO2 Max 11
3514	3567	Threshold 9
3567	3588	VO2 Max 12
3588	3635	Threshold 10
3635	3671	VO2 Max 13
3671	3789	Threshold 11
3789	3809	VO2 Max 14
3809	3896	Threshold 12
3896	3930	VO2 Max 15
3930	3936	Sprint 3
4123	4261	Threshold 13
4261	4272	VO2 Max 16
4272	4358	Threshold 14
4358	4386	VO2 Max 17
4386	4451	Threshold 15
4451	4475	VO2 Max 18
4475	4567	Threshold 16
4567	4604	VO2 Max 19
4604	4621	Sprint 4
4621	4648	VO2 Max 20
4648	4718	Anaerobic Capacity 3
[END INTERVAL DATA]

[MODE DATA]
[END MODE DATA]

