[COURSE HEADER]
VERSION = 0
UNITS = ENGLISH
DESCRIPTION = RealRides Race Day,88,104. Created by 11407.
FILE NAME = none
MINUTES	FTP
[END COURSE HEADER]

[COURSE DATA]
0	50
11.95	50
11.95	80
15.13	80
15.13	90
16.31	90
16.31	100
19.68	100
19.68	120
20.3	120
20.3	60
21.63	60
21.63	40
25.56	40
25.56	120
26.53	120
26.53	60
26.71	60
26.71	110
26.96	110
26.96	70
27.21	70
27.21	90
27.88	90
27.88	70
28.38	70
28.38	110
28.9	110
28.9	70
29.06	70
29.06	100
29.16	100
29.16	60
29.38	60
29.38	100
29.48	100
29.48	60
29.56	60
29.56	100
31.38	100
31.38	70
31.71	70
31.71	110
32.38	110
32.38	80
32.8	80
32.8	110
33.21	110
33.21	90
34.31	90
34.31	110
36.06	110
36.06	70
36.71	70
36.71	110
38.98	110
38.98	80
39.48	80
39.48	110
39.9	110
39.9	70
41.23	70
41.23	100
42.56	100
42.56	80
43.06	80
43.06	110
44.58	110
44.58	80
45.88	80
45.88	110
46.98	110
46.98	90
48.06	90
48.06	120
48.65	120
48.65	100
49.23	100
49.23	50
49.56	50
49.56	110
49.81	110
49.81	50
50.15	50
50.15	100
51.66	100
51.66	70
52.65	70
52.65	110
54.08	110
54.08	70
55.08	70
55.08	110
56.4	110
56.4	70
57.48	70
57.48	110
58.65	110
58.65	80
59.65	80
59.65	120
60.91	120
60.91	80
61.83	80
61.83	60
62.08	60
62.08	110
63.16	110
63.16	50
63.41	50
63.41	125
64.26	125
64.26	50
72.25	50
72.25	40
80.38	40
[END COURSE DATA]

[COURSE TEXT]
[END COURSE TEXT]

[INTERVAL DATA]
0	4823	Workout
717	908	Tempo 1
908	979	Sweet Spot 1
979	1181	Threshold 1
1181	1218	VO2 Max 1
1218	1298	Endurance 1
1534	1592	VO2 Max 2
1592	1603	Endurance 2
1603	1618	VO2 Max 3
1618	1633	Endurance 3
1633	1673	Sweet Spot 2
1673	1703	Endurance 4
1703	1734	VO2 Max 4
1734	1744	Endurance 5
1744	1750	Threshold 2
1750	1763	Endurance 6
1763	1769	Threshold 3
1769	1774	Endurance 7
1774	1883	Threshold 4
1883	1903	Endurance 8
1903	1943	VO2 Max 5
1943	1968	Tempo 2
1968	1993	VO2 Max 6
1993	2059	Sweet Spot 3
2059	2164	VO2 Max 7
2164	2203	Endurance 9
2203	2339	VO2 Max 8
2339	2369	Tempo 3
2369	2394	VO2 Max 9
2394	2474	Endurance 10
2474	2554	Threshold 5
2554	2584	Tempo 4
2584	2675	VO2 Max 10
2675	2753	Tempo 5
2753	2819	VO2 Max 11
2819	2884	Sweet Spot 4
2884	2919	VO2 Max 12
2919	2954	Threshold 6
2974	2989	VO2 Max 13
3009	3100	Threshold 7
3100	3159	Endurance 11
3159	3245	VO2 Max 14
3245	3305	Endurance 12
3305	3384	VO2 Max 15
3384	3449	Endurance 13
3449	3519	VO2 Max 16
3519	3579	Tempo 6
3579	3655	VO2 Max 17
3655	3710	Tempo 7
3710	3725	Endurance 14
3725	3790	VO2 Max 18
3805	3856	Anaerobic Capacity 1
[END INTERVAL DATA]

[MODE DATA]
[END MODE DATA]

