[COURSE HEADER]
VERSION = 0
UNITS = ENGLISH
DESCRIPTION = RealRides Strength,72,53. Created by 11407.
FILE NAME = none
MINUTES	FTP
[END COURSE HEADER]

[COURSE DATA]
0	30
9.36	30
9.36	51
10.38	51
10.38	61
11.36	61
11.36	71
12.36	71
12.36	81
13.36	81
13.36	91
14.38	91
14.38	101
15.36	101
15.36	111
16.36	111
16.36	40
23.23	40
23.23	90
23.68	90
23.68	130
23.8	130
23.8	50
24.68	50
24.68	90
24.8	90
24.8	130
24.91	130
24.91	50
25.91	50
25.91	130
26.03	130
26.03	50
27.03	50
27.03	130
27.15	130
27.15	50
28.15	50
28.15	130
28.26	130
28.26	50
35.01	50
35.01	120
36.03	120
36.03	50
38.01	50
38.01	120
39.03	120
39.03	50
41.03	50
41.03	120
42.03	120
42.03	50
48.36	50
48.36	40
49.26	40
49.26	120
49.45	120
49.45	50
50.46	50
50.46	120
50.63	120
50.63	50
51.61	50
51.61	120
51.8	120
51.8	50
52.8	50
52.8	120
52.96	120
52.96	50
53.95	50
53.95	120
54.13	120
54.13	40
62	40
[END COURSE DATA]

[COURSE TEXT]
0	Have a great workout!	8	0	0	72	16777215	-1
[END COURSE TEXT]

[INTERVAL DATA]
0	3720	Workout
562	623	Active Recovery 1
623	682	Endurance 1
682	742	Endurance 2
742	802	Tempo 1
802	863	Sweet Spot 1
863	922	Threshold 1
922	982	VO2 Max 1
1394	1421	Sweet Spot 2
1421	1428	Sprint 1
1481	1488	Sweet Spot 3
1488	1495	Sprint 2
1555	1562	Sprint 3
1622	1629	Sprint 4
1689	1696	Sprint 5
2101	2162	VO2 Max 2
2281	2342	VO2 Max 3
2462	2522	VO2 Max 4
2956	2967	VO2 Max 5
3028	3038	VO2 Max 6
3097	3108	VO2 Max 7
3168	3178	VO2 Max 8
3237	3248	VO2 Max 9
[END INTERVAL DATA]

[MODE DATA]
[END MODE DATA]

