[COURSE HEADER]
VERSION = 0
UNITS = ENGLISH
DESCRIPTION = Sleeping Beauty,75,42. Created by 1273.
FILE NAME = none
MINUTES	FTP
[END COURSE HEADER]

[COURSE DATA]
0	50
6	50
6	72
12.5	72
12.5	115
13	115
13	60
13.5	60
13.5	115
14	115
14	60
14.5	60
14.5	115
15	115
15	10
16	10
16	40
20	40
20	115
20.5	115
20.5	60
21	60
21	115
21.5	115
21.5	60
22	60
22	115
22.5	115
22.5	60
23	60
23	115
23.5	115
23.5	60
24	60
24	115
24.5	115
24.5	40
28.5	40
28.5	115
29	115
29	60
29.5	60
29.5	115
30	115
30	60
30.5	60
30.5	115
31	115
31	60
31.5	60
31.5	115
32	115
32	60
32.5	60
32.5	115
33	115
33	40
37	40
37	115
37.5	115
37.5	60
38	60
38	115
38.5	115
38.5	60
39	60
39	115
39.5	115
39.5	60
40	60
40	115
40.5	115
40.5	60
41	60
41	115
41.5	115
41.5	40
45	30
[END COURSE DATA]

[COURSE TEXT]
[END COURSE TEXT]

[INTERVAL DATA]
0	2700	Workout
360	750	Endurance 1
750	780	VO2 Max 1
780	810	Endurance 2
810	840	VO2 Max 2
840	870	Endurance 3
870	900	VO2 Max 3
1200	1230	VO2 Max 4
1230	1260	Endurance 4
1260	1290	VO2 Max 5
1290	1320	Endurance 5
1320	1350	VO2 Max 6
1350	1380	Endurance 6
1380	1410	VO2 Max 7
1410	1440	Endurance 7
1440	1470	VO2 Max 8
1710	1740	VO2 Max 9
1740	1770	Endurance 8
1770	1800	VO2 Max 10
1800	1830	Endurance 9
1830	1860	VO2 Max 11
1860	1890	Endurance 10
1890	1920	VO2 Max 12
1920	1950	Endurance 11
1950	1980	VO2 Max 13
2220	2250	VO2 Max 14
2250	2280	Endurance 12
2280	2310	VO2 Max 15
2310	2340	Endurance 13
2340	2370	VO2 Max 16
2370	2400	Endurance 14
2400	2430	VO2 Max 17
2430	2460	Endurance 15
2460	2490	VO2 Max 18
[END INTERVAL DATA]

[MODE DATA]
[END MODE DATA]

