[COURSE HEADER]
VERSION = 0
UNITS = ENGLISH
DESCRIPTION = Backbone,86,70. Created by 1273.
FILE NAME = none
MINUTES	FTP
[END COURSE HEADER]

[COURSE DATA]
0	50
6	50
6	72
12	72
12	96
14.75	96
14.75	150
15	150
15	10
16	10
16	40
20	40
20	150
20.5	150
20.5	88
21.5	88
21.5	40
22.5	40
22.5	10
23.5	10
23.5	40
24.5	40
24.5	150
25	150
25	88
26	88
26	40
27	40
27	10
28	10
28	40
29	40
29	150
29.5	150
29.5	88
30.5	88
30.5	40
31.5	40
31.5	10
32.5	10
32.5	40
33.5	40
33.5	150
34	150
34	88
35	88
35	40
36	40
36	10
37	10
37	40
38	40
38	150
38.5	150
38.5	88
39.5	88
39.5	40
40.5	40
40.5	10
41.5	10
41.5	40
42.5	40
42.5	150
43	150
43	88
44	88
44	40
45	40
45	10
46	10
46	40
47	40
47	150
47.5	150
47.5	88
48.5	88
48.5	40
49.5	40
49.5	10
50.5	10
50.5	40
51.5	40
51.5	150
52	150
52	88
53	88
53	40
56	30
[END COURSE DATA]

[COURSE TEXT]
[END COURSE TEXT]

[INTERVAL DATA]
0	3360	Workout
360	720	Endurance 1
720	885	Threshold 1
885	900	Sprint 1
1200	1230	Sprint 2
1230	1290	Sweet Spot 1
1470	1500	Sprint 3
1500	1560	Sweet Spot 2
1740	1770	Sprint 4
1770	1830	Sweet Spot 3
2010	2040	Sprint 5
2040	2100	Sweet Spot 4
2280	2310	Sprint 6
2310	2370	Sweet Spot 5
2550	2580	Sprint 7
2580	2640	Sweet Spot 6
2820	2850	Sprint 8
2850	2910	Sweet Spot 7
3090	3120	Sprint 9
3120	3180	Sweet Spot 8
[END INTERVAL DATA]

[MODE DATA]
[END MODE DATA]

