[COURSE HEADER]
VERSION = 0
UNITS = ENGLISH
DESCRIPTION = 3LC Road Race,92,85. Created by 6519.
FILE NAME = none
MINUTES	FTP
[END COURSE HEADER]

[COURSE DATA]
0	40
3.16	40
3.16	48
4.16	48
4.16	56
5.16	56
5.16	65
6.16	65
6.16	81
7.16	81
7.16	100
8.16	100
8.16	25
9.18	25
9.18	175
9.3	175
9.3	40
10.23	40
10.23	70
14.23	70
14.23	100
15.25	100
15.25	120
15.78	120
15.78	70
18.8	70
18.8	100
19.8	100
19.8	120
20.3	120
20.3	70
23.33	70
23.33	85
25.33	85
25.33	100
26.38	100
26.38	120
27.38	120
27.38	140
28.41	140
28.41	25
30.43	25
30.43	70
35.43	70
35.43	100
36.18	100
36.18	140
36.46	140
36.46	100
37.25	100
37.25	140
37.5	140
37.5	100
38.28	100
38.28	140
38.53	140
38.53	100
39.3	100
39.3	140
39.55	140
39.55	100
40.33	100
40.33	140
40.58	140
40.58	25
44.6	25
44.6	100
45.63	100
45.63	85
46.63	85
46.63	100
47.66	100
47.66	85
48.66	85
48.66	120
49.68	120
49.68	140
50.71	140
50.71	160
51.71	160
51.71	20
60	20
[END COURSE DATA]

[COURSE TEXT]
[END COURSE TEXT]

[INTERVAL DATA]
0	3600	Workout
370	490	Combined Sweet Spot 1
551	558	Sprint 1
854	947	Combined VO2 Max 1
1128	1218	Combined VO2 Max 2
1400	1705	Combined VO2 Max 3
2126	2435	Combined VO2 Max 4
2676	3103	Combined VO2 Max 5
[END INTERVAL DATA]

[MODE DATA]
[END MODE DATA]

