[COURSE HEADER]
VERSION = 0
UNITS = ENGLISH
DESCRIPTION = King Peak,78,136. Created by 1273.
FILE NAME = none
MINUTES	FTP
[END COURSE HEADER]

[COURSE DATA]
0	50
12	60
12	80
17	95
17	40
22	40
22	40
22.5	80
22.5	80
24	80
24	80
25.5	95
25.5	95
27	80
27	80
28.5	80
28.5	80
30	100
30	100
31.5	80
31.5	80
33	80
33	80
34.5	95
34.5	95
36	80
36	80
37.5	80
37.5	80
39	100
39	100
40.5	80
40.5	60
52.5	60
52.5	60
53	80
53	80
54.5	80
54.5	80
56	95
56	95
57.5	80
57.5	80
59	80
59	80
60.5	100
60.5	100
62	80
62	80
63.5	80
63.5	80
65	95
65	95
66.5	80
66.5	80
68	80
68	80
69.5	100
69.5	100
71	80
71	60
83	60
83	60
83.5	80
83.5	80
85	80
85	80
86.5	95
86.5	95
88	80
88	80
89.5	80
89.5	80
91	100
91	100
92.5	80
92.5	80
94	80
94	80
95.5	95
95.5	95
97	80
97	80
98.5	80
98.5	80
100	100
100	100
101.5	80
101.5	60
113.5	60
113.5	60
114	80
114	80
115.5	80
115.5	80
117	95
117	95
118.5	80
118.5	80
120	80
120	80
121.5	100
121.5	100
123	80
123	80
124.5	80
124.5	80
126	95
126	95
127.5	80
127.5	80
129	80
129	80
130.5	100
130.5	100
132	80
132	40
135	30
[END COURSE DATA]

[COURSE TEXT]
[END COURSE TEXT]

[INTERVAL DATA]
0	8100	Workout
720	1020	Sweet Spot 1
1350	1440	Tempo 1
1440	1530	Sweet Spot 2
1530	1620	Sweet Spot 3
1620	1710	Tempo 2
1710	1800	Sweet Spot 4
1800	1890	Sweet Spot 5
1890	1980	Tempo 3
1980	2070	Sweet Spot 6
2070	2160	Sweet Spot 7
2160	2250	Tempo 4
2250	2340	Sweet Spot 8
2340	2430	Sweet Spot 9
2430	3150	Endurance 1
3150	3180	Endurance 2
3180	3270	Tempo 5
3270	3360	Sweet Spot 10
3360	3450	Sweet Spot 11
3450	3540	Tempo 6
3540	3630	Sweet Spot 12
3630	3720	Sweet Spot 13
3720	3810	Tempo 7
3810	3900	Sweet Spot 14
3900	3990	Sweet Spot 15
3990	4080	Tempo 8
4080	4170	Sweet Spot 16
4170	4260	Sweet Spot 17
4260	4980	Endurance 3
4980	5010	Endurance 4
5010	5100	Tempo 9
5100	5190	Sweet Spot 18
5190	5280	Sweet Spot 19
5280	5370	Tempo 10
5370	5460	Sweet Spot 20
5460	5550	Sweet Spot 21
5550	5640	Tempo 11
5640	5730	Sweet Spot 22
5730	5820	Sweet Spot 23
5820	5910	Tempo 12
5910	6000	Sweet Spot 24
6000	6090	Sweet Spot 25
6090	6810	Endurance 5
6810	6840	Endurance 6
6840	6930	Tempo 13
6930	7020	Sweet Spot 26
7020	7110	Sweet Spot 27
7110	7200	Tempo 14
7200	7290	Sweet Spot 28
7290	7380	Sweet Spot 29
7380	7470	Tempo 15
7470	7560	Sweet Spot 30
7560	7650	Sweet Spot 31
7650	7740	Tempo 16
7740	7830	Sweet Spot 32
7830	7920	Sweet Spot 33
[END INTERVAL DATA]

[MODE DATA]
[END MODE DATA]

