[COURSE HEADER]
VERSION = 0
UNITS = ENGLISH
DESCRIPTION = Icefall,77,118. Created by 1273.
FILE NAME = none
MINUTES	FTP
[END COURSE HEADER]

[COURSE DATA]
0	50
15	60
15	80
20	95
20	40
25	40
25	40
25.5	80
25.5	80
27.5	80
27.5	80
29	95
29	95
31	80
31	80
32.5	80
32.5	80
34	100
34	100
35.5	80
35.5	80
37.5	80
37.5	80
39	95
39	95
40.5	80
40.5	60
50.5	60
50.5	60
51	80
51	80
53	80
53	80
54.5	95
54.5	95
56.5	80
56.5	80
58	80
58	80
59.5	100
59.5	100
61	80
61	80
63	80
63	80
64.5	95
64.5	95
66	80
66	60
76	60
76	60
76.5	80
76.5	80
78.5	80
78.5	80
80	95
80	95
82	80
82	80
83.5	80
83.5	80
85	100
85	100
86.5	80
86.5	80
88.5	80
88.5	80
90	95
90	95
91.5	80
91.5	60
101.5	60
101.5	60
102	80
102	80
104	80
104	80
105.5	95
105.5	95
107.5	80
107.5	80
109	80
109	80
110.5	100
110.5	100
112	80
112	80
114	80
114	80
115.5	95
115.5	95
117	80
117	40
120	30
[END COURSE DATA]

[COURSE TEXT]
[END COURSE TEXT]

[INTERVAL DATA]
0	7200	Workout
900	1200	Sweet Spot 1
1530	1650	Tempo 1
1650	1740	Sweet Spot 2
1740	1860	Sweet Spot 3
1860	1950	Tempo 2
1950	2040	Sweet Spot 4
2040	2130	Sweet Spot 5
2130	2250	Tempo 3
2250	2340	Sweet Spot 6
2340	2430	Sweet Spot 7
2430	3030	Endurance 1
3030	3060	Endurance 2
3060	3180	Tempo 4
3180	3270	Sweet Spot 8
3270	3390	Sweet Spot 9
3390	3480	Tempo 5
3480	3570	Sweet Spot 10
3570	3660	Sweet Spot 11
3660	3780	Tempo 6
3780	3870	Sweet Spot 12
3870	3960	Sweet Spot 13
3960	4560	Endurance 3
4560	4590	Endurance 4
4590	4710	Tempo 7
4710	4800	Sweet Spot 14
4800	4920	Sweet Spot 15
4920	5010	Tempo 8
5010	5100	Sweet Spot 16
5100	5190	Sweet Spot 17
5190	5310	Tempo 9
5310	5400	Sweet Spot 18
5400	5490	Sweet Spot 19
5490	6090	Endurance 5
6090	6120	Endurance 6
6120	6240	Tempo 10
6240	6330	Sweet Spot 20
6330	6450	Sweet Spot 21
6450	6540	Tempo 11
6540	6630	Sweet Spot 22
6630	6720	Sweet Spot 23
6720	6840	Tempo 12
6840	6930	Sweet Spot 24
6930	7020	Sweet Spot 25
[END INTERVAL DATA]

[MODE DATA]
[END MODE DATA]

