[COURSE HEADER]
VERSION = 0
UNITS = ENGLISH
DESCRIPTION = Meteorite,77,150. Created by 1273.
FILE NAME = none
MINUTES	FTP
[END COURSE HEADER]

[COURSE DATA]
0	50
10	60
10	80
15	95
15	40
20	40
20	40
20.5	80
20.5	80
22.5	80
22.5	80
24	95
24	95
25.5	80
25.5	80
27.5	80
27.5	80
29	100
29	100
30.5	80
30.5	80
32.5	80
32.5	80
34	95
34	95
35.5	80
35.5	80
37.5	80
37.5	80
39	100
39	100
40.5	80
40.5	60
55.5	60
55.5	60
56	80
56	80
58	80
58	80
59.5	95
59.5	95
61	80
61	80
63	80
63	80
64.5	100
64.5	100
66	80
66	80
68	80
68	80
69.5	95
69.5	95
71	80
71	80
73	80
73	80
74.5	100
74.5	100
76	80
76	60
91	60
91	60
91.5	80
91.5	80
93.5	80
93.5	80
95	95
95	95
96.5	80
96.5	80
98.5	80
98.5	80
100	100
100	100
101.5	80
101.5	80
103.5	80
103.5	80
105	95
105	95
106.5	80
106.5	80
108.5	80
108.5	80
110	100
110	100
111.5	80
111.5	60
126.5	60
126.5	60
127	80
127	80
129	80
129	80
130.5	95
130.5	95
132	80
132	80
134	80
134	80
135.5	100
135.5	100
137	80
137	80
139	80
139	80
140.5	95
140.5	95
142	80
142	80
144	80
144	80
145.5	100
145.5	100
147	80
147	40
150	30
[END COURSE DATA]

[COURSE TEXT]
[END COURSE TEXT]

[INTERVAL DATA]
0	9000	Workout
600	900	Sweet Spot 1
1230	1350	Tempo 1
1350	1440	Sweet Spot 2
1440	1530	Sweet Spot 3
1530	1650	Tempo 2
1650	1740	Sweet Spot 4
1740	1830	Sweet Spot 5
1830	1950	Tempo 3
1950	2040	Sweet Spot 6
2040	2130	Sweet Spot 7
2130	2250	Tempo 4
2250	2340	Sweet Spot 8
2340	2430	Sweet Spot 9
2430	3330	Endurance 1
3330	3360	Endurance 2
3360	3480	Tempo 5
3480	3570	Sweet Spot 10
3570	3660	Sweet Spot 11
3660	3780	Tempo 6
3780	3870	Sweet Spot 12
3870	3960	Sweet Spot 13
3960	4080	Tempo 7
4080	4170	Sweet Spot 14
4170	4260	Sweet Spot 15
4260	4380	Tempo 8
4380	4470	Sweet Spot 16
4470	4560	Sweet Spot 17
4560	5460	Endurance 3
5460	5490	Endurance 4
5490	5610	Tempo 9
5610	5700	Sweet Spot 18
5700	5790	Sweet Spot 19
5790	5910	Tempo 10
5910	6000	Sweet Spot 20
6000	6090	Sweet Spot 21
6090	6210	Tempo 11
6210	6300	Sweet Spot 22
6300	6390	Sweet Spot 23
6390	6510	Tempo 12
6510	6600	Sweet Spot 24
6600	6690	Sweet Spot 25
6690	7590	Endurance 5
7590	7620	Endurance 6
7620	7740	Tempo 13
7740	7830	Sweet Spot 26
7830	7920	Sweet Spot 27
7920	8040	Tempo 14
8040	8130	Sweet Spot 28
8130	8220	Sweet Spot 29
8220	8340	Tempo 15
8340	8430	Sweet Spot 30
8430	8520	Sweet Spot 31
8520	8640	Tempo 16
8640	8730	Sweet Spot 32
8730	8820	Sweet Spot 33
[END INTERVAL DATA]

[MODE DATA]
[END MODE DATA]

