[COURSE HEADER]
VERSION = 0
UNITS = ENGLISH
DESCRIPTION = Moose's Tooth,80,112. Created by 1273.
FILE NAME = none
MINUTES	FTP
[END COURSE HEADER]

[COURSE DATA]
0	50
8	60
8	86
13	106
13	40
18	40
18	40
18.5	95
18.5	95
19.5	95
19.5	95
20.5	105
20.5	105
21.5	95
21.5	95
22.5	95
22.5	95
23.5	105
23.5	105
24.5	95
24.5	50
33.5	50
33.5	50
34	95
34	95
35	95
35	95
36	105
36	105
37	95
37	95
38	95
38	95
39	105
39	105
40	95
40	50
49	50
49	50
49.5	95
49.5	95
50.5	95
50.5	95
51.5	105
51.5	105
52.5	95
52.5	95
53.5	95
53.5	95
54.5	105
54.5	105
55.5	95
55.5	50
64.5	50
64.5	50
65	95
65	95
66	95
66	95
67	105
67	105
68	95
68	95
69	95
69	95
70	105
70	105
71	95
71	50
80	50
80	50
80.5	95
80.5	95
81.5	95
81.5	95
82.5	105
82.5	105
83.5	95
83.5	95
84.5	95
84.5	95
85.5	105
85.5	105
86.5	95
86.5	49
95.5	49
95.5	50
96	95
96	95
97	95
97	95
98	105
98	105
99	95
99	95
100	95
100	95
101	105
101	105
102	95
102	40
105	30
[END COURSE DATA]

[COURSE TEXT]
[END COURSE TEXT]

[INTERVAL DATA]
0	6300	Workout
480	780	Threshold 1
1110	1170	Sweet Spot 1
1170	1230	Threshold 2
1230	1290	Threshold 3
1290	1350	Sweet Spot 2
1350	1410	Threshold 4
1410	1470	Threshold 5
2040	2100	Sweet Spot 3
2100	2160	Threshold 6
2160	2220	Threshold 7
2220	2280	Sweet Spot 4
2280	2340	Threshold 8
2340	2400	Threshold 9
2970	3030	Sweet Spot 5
3030	3090	Threshold 10
3090	3150	Threshold 11
3150	3210	Sweet Spot 6
3210	3270	Threshold 12
3270	3330	Threshold 13
3900	3960	Sweet Spot 7
3960	4020	Threshold 14
4020	4080	Threshold 15
4080	4140	Sweet Spot 8
4140	4200	Threshold 16
4200	4260	Threshold 17
4830	4890	Sweet Spot 9
4890	4950	Threshold 18
4950	5010	Threshold 19
5010	5070	Sweet Spot 10
5070	5130	Threshold 20
5130	5190	Threshold 21
5760	5820	Sweet Spot 11
5820	5880	Threshold 22
5880	5940	Threshold 23
5940	6000	Sweet Spot 12
6000	6060	Threshold 24
6060	6120	Threshold 25
[END INTERVAL DATA]

[MODE DATA]
[END MODE DATA]

