[COURSE HEADER]
VERSION = 0
UNITS = ENGLISH
DESCRIPTION = Fairweather,76,146. Created by 1273.
FILE NAME = none
MINUTES	FTP
[END COURSE HEADER]

[COURSE DATA]
0	50
15	60
15	80
20	95
20	40
27	40
27	40
27.5	80
27.5	80
29.5	80
29.5	80
31	95
31	95
33	80
33	80
34.5	80
34.5	80
36	100
36	100
37.5	80
37.5	80
39.5	80
39.5	80
41	95
41	95
42.5	80
42.5	60
52.5	60
52.5	60
53	80
53	80
55	80
55	80
56.5	95
56.5	95
58.5	80
58.5	80
60	80
60	80
61.5	100
61.5	100
63	80
63	80
65	80
65	80
66.5	95
66.5	95
68	80
68	60
78	60
78	60
78.5	80
78.5	80
80.5	80
80.5	80
82	95
82	95
84	80
84	80
85.5	80
85.5	80
87	100
87	100
88.5	80
88.5	80
90.5	80
90.5	80
92	95
92	95
93.5	80
93.5	60
103.5	60
103.5	60
104	80
104	80
106	80
106	80
107.5	95
107.5	95
109.5	80
109.5	80
111	80
111	80
112.5	100
112.5	100
114	80
114	80
116	80
116	80
117.5	95
117.5	95
119	80
119	60
129	60
129	60
129.5	80
129.5	80
131.5	80
131.5	80
133	95
133	95
135	80
135	80
136.5	80
136.5	80
138	100
138	100
139.5	80
139.5	80
141.5	80
141.5	80
143	95
143	95
144.5	80
144.5	40
150	30
[END COURSE DATA]

[COURSE TEXT]
[END COURSE TEXT]

[INTERVAL DATA]
0	9000	Workout
900	1200	Sweet Spot 1
1650	1770	Tempo 1
1770	1860	Sweet Spot 2
1860	1980	Sweet Spot 3
1980	2070	Tempo 2
2070	2160	Sweet Spot 4
2160	2250	Sweet Spot 5
2250	2370	Tempo 3
2370	2460	Sweet Spot 6
2460	2550	Sweet Spot 7
2550	3150	Endurance 1
3150	3180	Endurance 2
3180	3300	Tempo 4
3300	3390	Sweet Spot 8
3390	3510	Sweet Spot 9
3510	3600	Tempo 5
3600	3690	Sweet Spot 10
3690	3780	Sweet Spot 11
3780	3900	Tempo 6
3900	3990	Sweet Spot 12
3990	4080	Sweet Spot 13
4080	4680	Endurance 3
4680	4710	Endurance 4
4710	4830	Tempo 7
4830	4920	Sweet Spot 14
4920	5040	Sweet Spot 15
5040	5130	Tempo 8
5130	5220	Sweet Spot 16
5220	5310	Sweet Spot 17
5310	5430	Tempo 9
5430	5520	Sweet Spot 18
5520	5610	Sweet Spot 19
5610	6210	Endurance 5
6210	6240	Endurance 6
6240	6360	Tempo 10
6360	6450	Sweet Spot 20
6450	6570	Sweet Spot 21
6570	6660	Tempo 11
6660	6750	Sweet Spot 22
6750	6840	Sweet Spot 23
6840	6960	Tempo 12
6960	7050	Sweet Spot 24
7050	7140	Sweet Spot 25
7140	7740	Endurance 7
7740	7770	Endurance 8
7770	7890	Tempo 13
7890	7980	Sweet Spot 26
7980	8100	Sweet Spot 27
8100	8190	Tempo 14
8190	8280	Sweet Spot 28
8280	8370	Sweet Spot 29
8370	8490	Tempo 15
8490	8580	Sweet Spot 30
8580	8670	Sweet Spot 31
[END INTERVAL DATA]

[MODE DATA]
[END MODE DATA]

