[COURSE HEADER]
VERSION = 0
UNITS = ENGLISH
DESCRIPTION = Stewart,89,119. Created by 1273.
FILE NAME = none
MINUTES	FTP
[END COURSE HEADER]

[COURSE DATA]
0	60
15	60
15	85
19	85
19	95
22	95
22	105
24	105
24	115
25	115
25	85
29	85
29	95
32	95
32	105
34	105
34	115
35	115
35	135
35.5	135
35.5	60
37	60
37	135
37.5	135
37.5	60
39	60
39	135
39.5	135
39.5	60
41	60
41	135
41.5	135
41.5	60
43	60
43	135
43.5	135
43.5	60
45	60
45	85
49	85
49	95
52	95
52	105
54	105
54	115
55	115
55	85
59	85
59	95
62	95
62	105
64	105
64	115
65	115
65	135
65.5	135
65.5	60
67	60
67	135
67.5	135
67.5	60
69	60
69	135
69.5	135
69.5	60
71	60
71	135
71.5	135
71.5	60
73	60
73	135
73.5	135
73.5	60
75	60
75	50
90	50
[END COURSE DATA]

[COURSE TEXT]
1140	Cadence:90	15	0	0	72	16777215	-1
1320	Cadence:100	15	0	0	72	16777215	-1
1440	Cadence:110	15	0	0	72	16777215	-1
1500	Cadence:80	15	0	0	72	16777215	-1
1740	Cadence:90	15	0	0	72	16777215	-1
1920	Cadence:100	15	0	0	72	16777215	-1
2040	Cadence:110	15	0	0	72	16777215	-1
2700	Cadence:80	15	0	0	72	16777215	-1
2940	Cadence:90	15	0	0	72	16777215	-1
3120	Cadence:100	15	0	0	72	16777215	-1
3240	Cadence:110	15	0	0	72	16777215	-1
3300	Cadence:80	15	0	0	72	16777215	-1
3540	Cadence:90	15	0	0	72	16777215	-1
3720	Cadence:100	15	0	0	72	16777215	-1
3840	Cadence:110	15	0	0	72	16777215	-1
[END COURSE TEXT]

[INTERVAL DATA]
0	5400	Workout
0	900	Endurance 1
900	1140	Sweet Spot 1
1140	1320	Sweet Spot 2
1320	1440	Threshold 1
1440	1500	VO2 Max 1
1500	1740	Sweet Spot 3
1740	1920	Sweet Spot 4
1920	2040	Threshold 2
2040	2100	VO2 Max 2
2100	2130	Sprint 1
2130	2220	Endurance 2
2220	2250	Sprint 2
2250	2340	Endurance 3
2340	2370	Sprint 3
2370	2460	Endurance 4
2460	2490	Sprint 4
2490	2580	Endurance 5
2580	2610	Sprint 5
2610	2700	Endurance 6
2700	2940	Sweet Spot 5
2940	3120	Sweet Spot 6
3120	3240	Threshold 3
3240	3300	VO2 Max 3
3300	3540	Sweet Spot 7
3540	3720	Sweet Spot 8
3720	3840	Threshold 4
3840	3900	VO2 Max 4
3900	3930	Sprint 6
3930	4020	Endurance 7
4020	4050	Sprint 7
4050	4140	Endurance 8
4140	4170	Sprint 8
4170	4260	Endurance 9
4260	4290	Sprint 9
4290	4380	Endurance 10
4380	4410	Sprint 10
4410	4500	Endurance 11
[END INTERVAL DATA]

[MODE DATA]
[END MODE DATA]

