[COURSE HEADER]
VERSION = 2
UNITS = ENGLISH
DESCRIPTION = 93, 93, SUFFERFEST - ANGELS
FILE NAME = ANGELS.MRC
MINUTES	FTP
[END COURSE HEADER]

[COURSE DATA]
0.00	62
7.09	62
7.09	86
7.57	86
7.57	62
8.11	62
8.11	74
9.06	74
9.06	111
9.53	111
9.53	74
10.40	74
10.40	105
11.44	105
11.44	93
12.35	93
12.35	105
13.33	105
13.33	93
14.28	93
14.28	105
15.29	105
15.29	93
16.40	93
16.40	105
17.37	105
17.37	93
18.82	93
18.82	105
19.81	105
19.81	93
20.89	93
20.89	62
25.19	62
25.19	99
25.76	99
25.76	111
26.45	111
26.45	99
26.87	99
26.87	111
27.05	111
27.05	123
27.74	123
27.74	99
29.48	99
29.48	111
30.37	111
30.37	99
32.09	99
32.09	111
33.07	111
33.07	62
37.84	62
37.84	86
39.87	86
39.87	99
41.98	99
41.98	111
43.81	111
43.81	117
45.74	117
45.74	62
50.72	62
50.72	111
51.03	111
51.03	123
51.22	123
51.22	111
51.59	111
51.59	123
51.93	123
51.93	111
52.86	111
52.86	123
53.43	123
53.43	111
53.75	111
53.75	117
53.86	117
53.86	123
54.20	123
54.20	111
54.78	111
54.78	123
54.97	123
54.97	111
55.34	111
55.34	123
55.52	123
55.52	111
55.99	111
55.99	117
56.20	117
56.20	123
56.47	123
56.47	111
56.64	111
56.64	123
56.89	123
56.89	111
57.16	111
57.16	117
57.29	117
57.29	111
58.38	111
58.38	170
58.71	170
58.71	50
64.74	50
[END COURSE DATA]

[INTERVAL DATA]
0	3884	Workout
624	1253	Over-Under 1
624	686	Over 1
741	800	Over 2
857	917	Over 3
984	1042	Over 4
1129	1189	Over 5
1511	1984	Climb 1
2268	2745	Climb 2
3039	3523	Climb 3
[END INTERVAL DATA]
