[COURSE HEADER]
VERSION = 2
UNITS = ENGLISH
DESCRIPTION = 95, 93, SUFFERFEST - DOWNWARD SPIRAL
FILE NAME = DOWNWARD_SPIRAL.MRC
MINUTES	FTP
[END COURSE HEADER]

[COURSE DATA]
0.00	50
0.87	50
1.97	50
1.97	50
5.10	50
5.10	74
7.65	74
7.65	111
8.15	111
8.15	74
9.30	74
9.30	111
9.82	111
9.82	74
10.67	74
10.67	129
12.87	129
12.87	50
15.02	50
15.02	129
16.77	129
16.77	50
18.75	50
18.75	129
20.33	129
20.33	50
22.00	50
22.00	129
23.30	129
23.30	50
24.67	50
24.67	129
25.78	129
25.78	50
26.92	50
26.92	135
27.70	135
27.70	50
28.58	50
28.58	135
29.15	135
29.15	50
29.77	50
29.77	160
30.07	160
30.07	50
35.37	50
35.37	129
37.45	129
37.45	50
39.65	50
39.65	129
41.47	129
41.47	50
43.48	50
43.48	129
45.03	129
45.03	50
46.72	50
46.72	129
47.98	129
47.98	50
49.37	50
49.37	129
50.38	129
50.38	50
51.53	50
51.53	135
52.30	135
52.30	50
53.13	50
53.13	135
53.63	135
53.63	50
54.25	50
54.25	170
54.52	170
54.52	40
54.95	40
54.95	175
55.17	175
55.17	40
55.55	40
55.55	180
55.80	180
55.80	40
56.18	40
56.18	180
56.43	180
56.43	50
61.95	50
[END COURSE DATA]

[INTERVAL DATA]
0	3717	Workout
306	459	Interval 1
459	489	Close the gap 1
558	589	Close the gap 2
640	772	Set 1:1
901	1006	Set 1:2
1125	1220	Set 1:3
1320	1398	Set 1:4
1480	1547	Set 1:5
1615	1662	Set 1:6
1715	1749	Set 1:7
1786	1804	Set 1:8
2122	2247	Set 2:1
2379	2488	Set 2:2
2609	2702	Set 2:3
2803	2879	Set 2:4
2962	3023	Set 2:5
3092	3138	Set 2:6
3188	3218	Set 2:7
3255	3271	Set 2:8
3297	3310	Set 2:9
3333	3348	Set 2:10
3371	3386	Set 2:11
[END INTERVAL DATA]
