[COURSE HEADER]
VERSION = 2
UNITS = ENGLISH
DESCRIPTION = 95, 93, SUFFERFEST - THE HUNTED
FILE NAME = THE_HUNTED.MRC
MINUTES	FTP
[END COURSE HEADER]

[COURSE DATA]
0.00	62
3.80	62
3.80	74
6.60	74
6.60	80
7.70	80
7.70	86
9.12	86
9.12	93
10.02	93
10.02	123
10.52	123
10.52	99
15.77	99
15.77	62
18.62	62
18.62	99
23.14	99
23.14	111
23.64	111
23.64	99
25.05	99
25.05	105
25.57	105
25.57	111
26.19	111
26.19	99
29.37	99
29.37	111
31.22	111
31.22	117
32.07	117
32.07	105
34.72	105
34.72	135
34.90	135
34.90	111
36.39	111
36.39	117
38.79	117
38.79	62
44.78	62
44.78	93
45.19	93
45.19	99
45.78	99
45.78	93
48.09	93
48.09	99
48.44	99
48.44	93
50.67	93
50.67	93
51.66	93
51.66	123
51.84	123
51.84	93
52.54	93
52.54	123
52.89	123
52.89	93
53.42	93
53.42	123
53.92	123
53.92	93
54.29	93
54.29	123
54.96	123
54.96	93
55.14	93
55.14	123
56.02	123
56.02	140
56.55	140
56.55	62
61.50	62
[END COURSE DATA]

[INTERVAL DATA]
0	3690	Workout
227	601	Warmup
601	631	Sprint 1
631	946	Steady State 1
1117	2328	Steady State 2
2687	2999	Steady State 3
3100	3110	Attack 1
3153	3173	Attack 2
3205	3235	Attack 3
3257	3298	Attack 4
3308	3361	Attack 5
3361	3393	Final Sprint
[END INTERVAL DATA]
