[COURSE HEADER]
VERSION = 2
UNITS = ENGLISH
DESCRIPTION = 93, 123, SUFFERFEST - LOCAL HERO
FILE NAME = LOCAL_HERO.MRC
MINUTES	FTP
[END COURSE HEADER]

[COURSE DATA]
0.00	62
1.33	62
3.72	62
3.72	74
9.67	74
9.67	86
10.20	86
10.20	93
10.67	93
10.67	99
11.65	99
11.65	86
12.70	86
12.70	111
13.43	111
13.43	117
13.68	117
13.68	74
15.33	74
15.33	99
16.38	99
16.38	105
17.38	105
17.38	111
19.30	111
19.30	105
20.35	105
20.35	99
21.40	99
21.40	62
23.60	62
23.60	99
24.63	99
24.63	105
25.62	105
25.62	111
27.65	111
27.65	105
28.63	105
28.63	99
29.83	99
29.83	62
32.05	62
32.05	99
33.03	99
33.03	105
34.00	105
34.00	111
36.05	111
36.05	105
37.05	105
37.05	99
37.92	99
37.92	62
41.03	62
41.03	105
42.37	105
42.37	111
44.00	111
44.00	62
46.17	62
46.17	111
49.22	111
49.22	62
51.33	62
51.33	111
54.33	111
54.33	62
56.58	62
56.58	123
56.80	123
56.80	111
59.63	111
59.63	62
61.82	62
61.82	111
64.80	111
64.80	62
66.48	62
66.48	99
67.48	99
67.48	111
68.27	111
68.27	135
68.60	135
68.60	62
70.38	62
70.38	99
71.37	99
71.37	111
71.93	111
71.93	135
72.22	135
72.22	62
73.07	62
73.07	99
74.07	99
74.07	111
74.78	111
74.78	135
75.05	135
75.05	62
76.07	62
76.07	99
77.08	99
77.08	111
77.73	111
77.73	135
77.97	135
77.97	62
78.77	62
78.77	50
85.35	50
[END COURSE DATA]

[INTERVAL DATA]
0	5121	Workout
223	580	Warmup 1
580	699	Warmup 2
762	821	Warmup 3
920	1284	Pyramid 1
1416	1790	Pyramid 2
1923	2275	Pyramid 3
2462	2640	Lap 1
2770	2953	Lap 2
3080	3260	Lap 3
3395	3578	Lap 4
3709	3888	Lap 5
3989	4116	Sprint 1
4223	4333	Sprint 2
4384	4503	Sprint 3
4564	4678	Sprint 4
[END INTERVAL DATA]
