[COURSE HEADER]
VERSION = 0
UNITS = ENGLISH
DESCRIPTION = A Very Dark Place (pre June 2013),98,85. Created by 1380.
FILE NAME = none
MINUTES	FTP
[END COURSE HEADER]

[COURSE DATA]
0	50
3.76	50
3.76	74
5.91	74
5.91	80
6.86	80
6.86	86
7.93	86
7.93	93
9.5	93
9.5	150
10.01	150
10.01	86
11.76	86
11.76	150
12.26	150
12.26	86
13.9	86
13.9	111
17.83	111
17.83	50
21.73	50
21.73	111
22.38	111
22.38	114
23.98	114
23.98	117
24.26	117
24.26	120
25.05	120
25.05	123
25.7	123
25.7	50
29.4	50
29.4	123
29.73	123
29.73	114
31.48	114
31.48	123
31.78	123
31.78	117
32.5	117
32.5	120
33.2	120
33.2	135
33.45	135
33.45	50
37.03	50
37.03	111
37.43	111
37.43	123
37.73	123
37.73	111
38	111
38	117
38.3	117
38.3	111
38.5	111
38.5	123
38.86	123
38.86	111
39.06	111
39.06	123
39.51	123
39.51	111
39.73	111
39.73	123
39.98	123
39.98	99
40.23	99
40.23	123
41.11	123
41.11	50
44.78	50
44.78	111
45.08	111
45.08	117
46.98	117
46.98	120
47.55	120
47.55	123
47.9	123
47.9	120
48.48	120
48.48	135
48.81	135
48.81	50
53.4	50
[END COURSE DATA]

[COURSE TEXT]
[END COURSE TEXT]

[INTERVAL DATA]
0	3204	Workout
226	355	Endurance 1
355	412	Tempo 1
412	476	Sweet Spot 1
476	570	Sweet Spot 2
570	601	Anaerobic Capacity 1
601	706	Sweet Spot 3
706	736	Sprint 1
736	834	Sweet Spot 4
834	1070	VO2 Max 1
1304	1343	VO2 Max 2
1343	1439	VO2 Max 3
1439	1456	VO2 Max 4
1456	1503	VO2 Max 5
1503	1542	Anaerobic Capacity 2
1764	1784	Sprint 2
1784	1889	VO2 Max 6
1889	1907	Sprint 3
1907	1950	VO2 Max 7
1950	1992	VO2 Max 8
1992	2007	Sprint 4
2222	2246	VO2 Max 9
2246	2264	Sprint 5
2264	2280	VO2 Max 10
2280	2298	VO2 Max 11
2298	2310	VO2 Max 12
2310	2332	Sprint 6
2332	2344	VO2 Max 13
2344	2371	Sprint 7
2371	2384	VO2 Max 14
2384	2399	Sprint 8
2399	2414	Threshold 1
2414	2467	Anaerobic Capacity 3
2687	2705	VO2 Max 15
2705	2819	VO2 Max 16
2819	2853	VO2 Max 17
2853	2874	Sprint 9
2874	2909	VO2 Max 18
2909	2929	Sprint 10
[END INTERVAL DATA]

[MODE DATA]
[END MODE DATA]

