[COURSE HEADER]
VERSION = 0
UNITS = ENGLISH
DESCRIPTION = Spinervals 11.0 Big Gear Stren,89,76. Created by 5696.
FILE NAME = none
MINUTES	FTP
[END COURSE HEADER]

[COURSE DATA]
0	50
0.01	50
0.01	40
5.06	40
5.06	90
5.56	90
5.56	40
6.06	40
6.06	90
6.56	90
6.56	40
7.06	40
7.06	90
7.56	90
7.56	40
8.96	40
8.96	60
15.1	60
15.1	40
17.95	40
17.95	100
22.95	100
22.95	40
24.65	40
24.65	100
25.63	100
25.63	40
26.63	40
26.63	100
27.63	100
27.63	40
28.63	40
28.63	100
29.63	100
29.63	40
30.65	40
30.65	100
31.65	100
31.65	40
32.63	40
32.63	100
33.65	100
33.65	40
36.36	40
36.36	100
39	100
39	40
40.25	40
40.25	100
43.25	100
43.25	40
44.33	40
44.33	100
45.33	100
45.33	40
46.31	40
46.31	100
47.31	100
47.31	40
48.35	40
48.35	200
48.68	200
48.68	40
49.71	40
49.71	200
50.05	200
50.05	40
51.08	40
51.08	200
51.41	200
51.41	40
57	40
57	50
[END COURSE DATA]

[COURSE TEXT]
[END COURSE TEXT]

[INTERVAL DATA]
0	3420	Workout
304	334	Sweet Spot 1
364	394	Sweet Spot 2
424	454	Sweet Spot 3
1077	1377	Threshold 1
1479	1538	Threshold 2
1598	1658	Threshold 3
1718	1778	Threshold 4
1839	1899	Threshold 5
1958	2019	Threshold 6
2182	2340	Threshold 7
2415	2595	Threshold 8
2660	2720	Threshold 9
2779	2839	Threshold 10
2901	2921	Sprint 1
2983	3003	Sprint 2
3065	3085	Sprint 3
[END INTERVAL DATA]

[MODE DATA]
[END MODE DATA]

