[COURSE HEADER]
VERSION = 2
UNITS = ENGLISH
DESCRIPTION = Abott, .92, 85, Attack & Recover intervals modified to resemble 3x3x3 Power Intervals with 1RBI/4RBS.
FILE NAME = NS60AN085_Surge&Repeat2_3x11m.mrc
MINUTES	FTP
[END COURSE HEADER]

[COURSE DATA]
0	50
4	50
4	80
7	100
7	40
9	40
9	120
9.5	120
9.5	40
10	40
10	130
10.5	130
10.5	40
11	40
11	150
11.25	150
11.25	40
11.75	40
11.75	180
12	180
12	40
16	40
16	90
18	90
18	130
19	130
19	40
20	40
20	95
21.5	95
21.5	120
23	120
23	40
24	40
24	100
25.5	100
25.5	150
25.75	150
25.75	110
26.75	110
26.75	180
27	180
27	40
31	40
31	90
33	90
33	130
34	130
34	40
35	40
35	95
36.5	95
36.5	120
38	120
38	40
39	40
39	100
40.5	100
40.5	150
40.75	150
40.75	110
41.75	110
41.75	180
42	180
42	40
46	40
46	90
48	90
48	130
49	130
49	40
50	40
50	95
51.5	95
51.5	120
53	120
53	40
54	40
54	100
55.5	100
55.5	150
55.75	150
55.75	110
56.75	110
56.75	180
57	180
57	40
60	40
[END COURSE DATA]

[INTERVAL DATA]
0	3600	Workout
240	420	Warmup 1
540	570	Warmup 2
600	630	Warmup 3
660	675	Warmup 4
705	720	Warmup 5
1080	1140	Set 1:1
960	1140	Set 1
1290	1380	Set 2:1
1200	1380	Set 2
1530	1545	Set 3:1
1605	1620	Set 3:2
1440	1620	Set 3
1980	2040	Set 4:1
1860	2040	Set 4
2190	2280	Set 5:1
2100	2280	Set 5
2430	2445	Set 6:1
2505	2520	Set 6:2
2340	2520	Set 6
2880	2940	Set 7:1
2760	2940	Set 7
3090	3180	Set 8:1
3000	3180	Set 8
3330	3345	Set 9:1
3405	3420	Set 9:2
3240	3420	Set 9
[END INTERVAL DATA]
