[COURSE HEADER]
VERSION = 0
UNITS = ENGLISH
DESCRIPTION = Hale,94,88. Created by 1273.
FILE NAME = none
MINUTES	FTP
[END COURSE HEADER]

[COURSE DATA]
0	40
5	40
5	95
7	95
7	40
12	40
12	95
14	95
14	180
14.08	180
14.08	97
16	97
16	170
16.08	170
16.08	99
18	99
18	150
18.08	150
18.08	97
20	97
20	160
20.08	160
20.08	95
22	95
22	40
24	40
24	95
26	95
26	170
26.08	170
26.08	99
28	99
28	180
28.08	180
28.08	97
30	97
30	160
30.08	160
30.08	95
32	95
32	150
32.08	150
32.08	99
34	99
34	40
36	40
36	95
38	95
38	150
38.08	150
38.08	97
40	97
40	160
40.08	160
40.08	95
42	95
42	180
42.08	180
42.08	99
44	99
44	170
44.08	170
44.08	97
46	97
46	40
48	40
48	95
50	95
50	150
50.08	150
50.08	99
52	99
52	160
52.08	160
52.08	97
54	97
54	170
54.08	170
54.08	95
56	95
56	180
56.08	180
56.08	98
58	98
58	40
60	40
[END COURSE DATA]

[COURSE TEXT]
[END COURSE TEXT]

[INTERVAL DATA]
0	3600	Workout
300	420	Sweet Spot 1
720	840	Sweet Spot 2
840	845	Sprint 1
845	960	Threshold 1
960	965	Sprint 2
965	1080	Threshold 2
1080	1085	Sprint 3
1085	1200	Threshold 3
1200	1205	Sprint 4
1205	1320	Sweet Spot 3
1440	1560	Sweet Spot 4
1560	1565	Sprint 5
1565	1680	Threshold 4
1680	1685	Sprint 6
1685	1800	Threshold 5
1800	1805	Sprint 7
1805	1920	Sweet Spot 5
1920	1925	Sprint 8
1925	2040	Threshold 6
2160	2280	Sweet Spot 6
2280	2285	Sprint 9
2285	2400	Threshold 7
2400	2405	Sprint 10
2405	2520	Sweet Spot 7
2520	2525	Sprint 11
2525	2640	Threshold 8
2640	2645	Sprint 12
2645	2760	Threshold 9
2880	3000	Sweet Spot 8
3000	3005	Sprint 13
3005	3120	Threshold 10
3120	3125	Sprint 14
3125	3240	Threshold 11
3240	3245	Sprint 15
3245	3360	Sweet Spot 9
3360	3365	Sprint 16
3365	3480	Threshold 12
[END INTERVAL DATA]

[MODE DATA]
[END MODE DATA]

