[COURSE HEADER]
VERSION = 2
UNITS = ENGLISH
DESCRIPTION = Hilgard, 0.92, 85, 4x10min sets @ 95-99% (Steady State) with 8s AC tags (150-180%) with 2R between each set.
FILE NAME = NS60ME085_SteadyStateBursts2_4x10m.mrc
MINUTES	FTP
[END COURSE HEADER]

[COURSE DATA]
0.0	40
5.0	40
5.0	95
7.0	95
7.0	40
12.0	40
12.0	95
14.0	95
14.0	180
14.13	180
14.13	97
16.0	97
16.0	170
16.13	170
16.13	99
18.0	99
18.0	150
18.13	150
18.13	97
20.0	97
20.0	160
20.13	160
20.13	95
22.0	95
22.0	40
24.0	40
24.0	95
26.0	95
26.0	170
26.13	170
26.13	99
28.0	99
28.0	180
28.13	180
28.13	97
30.0	97
30.0	160
30.13	160
30.13	95
32.0	95
32.0	150
32.13	150
32.13	99
34.0	99
34.0	40
36.0	40
36.0	95
38.0	95
38.0	150
38.13	150
38.13	97
40.0	97
40.0	160
40.13	160
40.13	95
42.0	95
42.0	180
42.13	180
42.13	99
44.0	99
44.0	170
44.13	170
44.13	97
46.0	97
46.0	40
48.0	40
48.0	95
50.0	95
50.0	150
50.13	150
50.13	99
52.0	99
52.0	160
52.13	160
52.13	97
54.0	97
54.0	170
54.13	170
54.13	95
56.0	95
56.0	180
56.13	180
56.13	98
58.0	98
58.0	40
60.0	40
[END COURSE DATA]

[INTERVAL DATA]
0	3600	Workout
300	420	Warmup
720	1320	Interval 1
840	848	Interval 1:1
960	968	Interval 1:2
1080	1088	Interval 1:3
1200	1208	Interval 1:4
1440	2040	Interval 2
1560	1568	Interval 2:1
1680	1688	Interval 2:2
1800	1808	Interval 2:3
1920	1928	Interval 2:4
2160	2760	Interval 3
2280	2288	Interval 3:1
2400	2408	Interval 3:2
2520	2528	Interval 3:3
2640	2648	Interval 3:4
2880	3480	Interval 4
3000	3008	Interval 4:1
3120	3128	Interval 4:2
3240	3248	Interval 4:3
3360	3368	Interval 4:4
[END INTERVAL DATA]
