[COURSE HEADER]
VERSION = 0
UNITS = ENGLISH
DESCRIPTION = Tom,112.99999999999999,128. Created by 1273.
FILE NAME = none
MINUTES	FTP
[END COURSE HEADER]

[COURSE DATA]
0	50
4	50
4	90
6	100
6	40
7	40
7	150
7.2	150
7.2	40
7.5	40
7.5	200
7.8	200
7.8	40
11	40
11	200
11.25	200
11.25	40
12	40
12	200
12.25	200
12.25	40
13	40
13	200
13.25	200
13.25	40
14	40
14	110
18	110
18	40
21	40
21	200
21.25	200
21.25	40
22	40
22	200
22.25	200
22.25	40
23	40
23	200
23.25	200
23.25	40
24	40
24	110
28	110
28	40
31	40
31	200
31.25	200
31.25	40
32	40
32	200
32.25	200
32.25	40
33	40
33	200
33.25	200
33.25	40
34	40
34	110
38	110
38	40
41	40
41	200
41.25	200
41.25	40
42	40
42	200
42.25	200
42.25	40
43	40
43	200
43.25	200
43.25	40
44	40
44	110
48	110
48	40
51	40
51	200
51.25	200
51.25	40
52	40
52	200
52.25	200
52.25	40
53	40
53	200
53.25	200
53.25	40
54	40
54	110
58	110
58	40
60	40
[END COURSE DATA]

[COURSE TEXT]
[END COURSE TEXT]

[INTERVAL DATA]
0	3600	Workout
240	360	Sweet Spot 1
420	432	Sprint 1
450	468	Sprint 2
660	675	Sprint 3
720	735	Sprint 4
780	795	Sprint 5
840	1080	VO2 Max 1
1260	1275	Sprint 6
1320	1335	Sprint 7
1380	1395	Sprint 8
1440	1680	VO2 Max 2
1860	1875	Sprint 9
1920	1935	Sprint 10
1980	1995	Sprint 11
2040	2280	VO2 Max 3
2460	2475	Sprint 12
2520	2535	Sprint 13
2580	2595	Sprint 14
2640	2880	VO2 Max 4
3060	3075	Sprint 15
3120	3135	Sprint 16
3180	3195	Sprint 17
3240	3480	VO2 Max 5
[END INTERVAL DATA]

[MODE DATA]
[END MODE DATA]

