[COURSE HEADER]
VERSION = 0
UNITS = ENGLISH
DESCRIPTION = 3LC Ladies Road Race,86,71. Created by 1971.
FILE NAME = none
MINUTES	FTP
[END COURSE HEADER]

[COURSE DATA]
0	50
3.15	50
3.15	60
4.16	60
4.16	70
5.16	70
5.16	80
6.18	80
6.18	90
7.16	90
7.16	100
8.18	100
8.18	25
9.18	25
9.18	199
9.3	199
9.3	50
10.21	50
10.21	80
14.25	80
14.25	90
15.25	90
15.25	100
15.78	100
15.78	80
18.78	80
18.78	90
19.8	90
19.8	100
20.31	100
20.31	50
23.33	50
23.33	90
25.35	90
25.35	100
26.38	100
26.38	111
27.4	111
27.4	120
28.41	120
28.41	50
30.43	50
30.43	80
35.45	80
35.45	99
36.2	99
36.2	120
36.48	120
36.48	99
37.25	99
37.25	120
37.51	120
37.51	99
38.28	99
38.28	120
38.53	120
38.53	99
39.3	99
39.3	120
39.56	120
39.56	99
40.33	99
40.33	120
40.61	120
40.61	50
43.61	50
43.61	90
44.65	90
44.65	110
45.65	110
45.65	140
46.66	140
46.66	50
56.83	50
[END COURSE DATA]

[COURSE TEXT]
[END COURSE TEXT]

[INTERVAL DATA]
0	3410	Workout
310	371	Tempo 1
371	430	Sweet Spot 1
430	491	Threshold 1
551	558	Sprint 1
613	855	Tempo 2
855	915	Sweet Spot 2
915	947	Threshold 2
947	1127	Tempo 3
1127	1188	Sweet Spot 3
1188	1219	Threshold 3
1400	1521	Sweet Spot 4
1521	1583	Threshold 4
1583	1644	VO2 Max 1
1644	1705	VO2 Max 2
1826	2127	Tempo 4
2127	2172	Threshold 5
2172	2189	VO2 Max 3
2189	2235	Threshold 6
2235	2251	VO2 Max 4
2251	2297	Threshold 7
2297	2312	VO2 Max 5
2312	2358	Threshold 8
2358	2374	VO2 Max 6
2374	2420	Threshold 9
2420	2437	VO2 Max 7
2617	2679	Sweet Spot 5
2679	2739	VO2 Max 8
2739	2800	Anaerobic Capacity 1
[END INTERVAL DATA]

[MODE DATA]
[END MODE DATA]

