[COURSE HEADER]
VERSION = 0
UNITS = ENGLISH
DESCRIPTION = Sufferfest Chrysalis Bike,84,77. Created by 1221.
FILE NAME = none
MINUTES	FTP
[END COURSE HEADER]

[COURSE DATA]
0	50
5.46	50
5.46	70
5.95	70
5.95	54
6.68	54
6.68	89
7.96	89
7.96	84
8.96	84
8.96	89
10.96	89
10.96	106
12.96	106
12.96	94
15.96	94
15.96	84
16.96	84
16.96	84
17.46	84
17.46	50
21.46	50
21.46	84
21.96	84
21.96	89
23.98	89
23.98	118
24.96	118
24.96	89
26.1	89
26.1	82
27.76	82
27.76	94
29.98	94
29.98	94
30.48	94
30.48	50
34.48	50
34.48	84
34.98	84
34.98	89
36.48	89
36.48	118
36.81	118
36.81	89
37.5	89
37.5	106
38.15	106
38.15	82
38.48	82
38.48	118
38.81	118
38.81	89
39.01	89
39.01	94
39.98	94
39.98	106
40.98	106
40.98	94
41.98	94
41.98	84
42.98	84
42.98	84
43.48	84
43.48	50
47.48	50
47.48	84
47.98	84
47.98	94
49.98	94
49.98	85
51	85
51	100
55	100
55	106
56	106
56	106
56.5	106
56.5	50
60.5	50
60.5	50
64.61	50
[END COURSE DATA]

[COURSE TEXT]
[END COURSE TEXT]

[INTERVAL DATA]
0	3877	Workout
328	357	Endurance 1
357	401	Active Recovery 1
401	478	Sweet Spot 1
478	538	Tempo 1
538	658	Sweet Spot 2
658	778	VO2 Max 1
778	958	Sweet Spot 3
958	1018	Tempo 2
1018	1048	Tempo 3
1288	1318	Tempo 4
1318	1439	Sweet Spot 4
1439	1498	VO2 Max 2
1498	1566	Sweet Spot 5
1566	1666	Tempo 5
1666	1799	Sweet Spot 6
1799	1829	Sweet Spot 7
2069	2099	Tempo 6
2099	2189	Sweet Spot 8
2189	2209	VO2 Max 3
2209	2250	Sweet Spot 9
2250	2289	VO2 Max 4
2289	2309	Tempo 7
2309	2329	VO2 Max 5
2329	2341	Sweet Spot 10
2341	2399	Sweet Spot 11
2399	2459	VO2 Max 6
2459	2519	Sweet Spot 12
2519	2579	Tempo 8
2579	2609	Tempo 9
2849	2879	Tempo 10
2879	2999	Sweet Spot 13
2999	3060	Sweet Spot 14
3060	3300	Threshold 1
3300	3360	VO2 Max 7
3360	3390	VO2 Max 8
[END INTERVAL DATA]

[MODE DATA]
[END MODE DATA]

