[COURSE HEADER]
VERSION = 0
UNITS = ENGLISH
DESCRIPTION = The Long Scream (pre June 2013),98,56. Created by 1380.
FILE NAME = none
MINUTES	FTP
[END COURSE HEADER]

[COURSE DATA]
0	50
1.73	50
1.73	68
2.86	68
2.86	0
3.11	0
3.11	95
3.86	95
3.86	88
3.98	88
3.98	95
4.78	95
4.78	88
4.96	88
4.96	95
8.78	95
8.78	97
9.46	97
9.46	88
9.58	88
9.58	97
10.23	97
10.23	88
10.36	88
10.36	97
10.63	97
10.63	88
10.71	88
10.71	97
10.78	97
10.78	88
10.88	88
10.88	97
12.16	97
12.16	88
12.28	88
12.28	97
14.21	97
14.21	103
15.95	103
15.95	88
16.05	88
16.05	103
16.68	103
16.68	88
16.78	88
16.78	103
18.36	103
18.36	88
18.45	88
18.45	103
19.33	103
19.33	88
19.41	88
19.41	103
21.81	103
21.81	88
21.9	88
21.9	103
22.28	103
22.28	88
22.46	88
22.46	103
23.41	103
23.41	106
23.85	106
23.85	88
23.93	88
23.93	106
24.73	106
24.73	88
24.85	88
24.85	106
25.93	106
25.93	88
26.01	88
26.01	106
28.66	106
28.66	88
28.76	88
28.76	106
29.25	106
29.25	88
29.35	88
29.35	106
29.93	106
29.93	109
30.75	109
30.75	88
30.91	88
30.91	109
31.83	109
31.83	88
31.91	88
31.91	109
32.18	109
32.18	88
32.26	88
32.26	109
32.55	109
32.55	88
32.65	88
32.65	140
32.95	140
32.95	50
35.11	50
[END COURSE DATA]

[COURSE TEXT]
[END COURSE TEXT]

[INTERVAL DATA]
0	2107	Workout
187	232	Sweet Spot 1
232	239	Sweet Spot 2
239	287	Sweet Spot 3
287	298	Sweet Spot 4
298	527	Sweet Spot 5
527	568	Threshold 1
568	575	Sweet Spot 6
575	614	Threshold 2
614	622	Sweet Spot 7
622	638	Threshold 3
638	643	Sweet Spot 8
643	647	Threshold 4
647	653	Sweet Spot 9
653	730	Threshold 5
730	737	Sweet Spot 10
737	853	Threshold 6
853	957	Threshold 7
957	963	Sweet Spot 11
963	1001	Threshold 8
1001	1007	Sweet Spot 12
1007	1102	Threshold 9
1102	1107	Sweet Spot 13
1107	1160	Threshold 10
1160	1165	Sweet Spot 14
1165	1309	Threshold 11
1309	1314	Sweet Spot 15
1314	1337	Threshold 12
1337	1348	Sweet Spot 16
1348	1405	Threshold 13
1405	1431	VO2 Max 1
1431	1436	Sweet Spot 17
1436	1484	VO2 Max 2
1484	1491	Sweet Spot 18
1491	1556	VO2 Max 3
1556	1561	Sweet Spot 19
1561	1720	VO2 Max 4
1720	1726	Sweet Spot 20
1726	1755	VO2 Max 5
1755	1761	Sweet Spot 21
1761	1796	VO2 Max 6
1796	1845	VO2 Max 7
1845	1855	Sweet Spot 22
1855	1910	VO2 Max 8
1910	1915	Sweet Spot 23
1915	1931	VO2 Max 9
1931	1936	Sweet Spot 24
1936	1953	VO2 Max 10
1953	1959	Sweet Spot 25
1959	1977	Sprint 1
[END INTERVAL DATA]

[MODE DATA]
[END MODE DATA]

