[COURSE HEADER]
VERSION = 2
UNITS = ENGLISH
DESCRIPTION = Spinervals 33-The Pain Cave, 82, 55, 3x30s min at FTP, High Cadence 20s on 10s off for 5 min, 6x90s on, 30s recover, 5 min progression increasing resistance each minute, 3x10s standing sprint with 1 min recovery
FILE NAME = Spinervals 33.mrc
MINUTES	FTP
[END COURSE HEADER]

[COURSE DATA]
0.0	50
2.77	50
2.77	100
3.26	100
3.26	60
3.77	60
3.77	100
4.26	100
4.26	60
4.77	60
4.77	100
5.26	100
5.26	60
7.74	60
7.74	85
8.08	85
8.08	50
8.26	50
8.26	85
8.57	85
8.57	50
8.74	50
8.74	85
9.08	85
9.08	50
9.26	50
9.26	85
9.57	85
9.57	50
9.74	50
9.74	85
10.08	85
10.08	50
10.26	50
10.26	85
10.57	85
10.57	50
10.74	50
10.74	85
11.08	85
11.08	50
11.26	50
11.26	85
11.57	85
11.57	50
11.74	50
11.74	85
12.08	85
12.08	50
12.26	50
12.26	85
12.57	85
12.57	60
16.50	60
16.50	100
18.00	100
18.00	60
18.50	60
18.50	100
20.00	100
20.00	60
20.50	60
20.50	100
22.00	100
22.00	60
22.50	60
22.50	100
24.00	100
24.00	60
24.50	60
24.50	100
26.00	100
26.00	60
26.50	60
26.50	100
28.00	100
28.00	60
31.00	60
31.00	100
32.00	100
32.00	105
33.00	105
33.00	110
34.00	110
34.00	115
35.00	115
35.00	120
36.00	120
36.00	60
40.31	60
40.31	90
40.55	90
40.55	50
40.77	50
40.77	140
40.96	140
40.96	50
42.04	50
42.04	90
42.29	90
42.29	50
42.55	50
42.55	145
42.72	145
42.72	50
43.88	50
43.88	90
44.16	90
44.16	50
44.39	50
44.39	150
44.58	150
44.58	50
48.78	50
[END COURSE DATA]

[INTERVAL DATA]
0	2927	Workout
166	196	Warmup 1
226	256	Warmup 2
286	316	Warmup 3
464	485	High Cadence 1
496	514	High Cadence 2
524	545	High Cadence 3
556	574	High Cadence 4
584	605	High Cadence 5
616	634	High Cadence 6
644	665	High Cadence 7
676	694	High Cadence 8
704	725	High Cadence 9
736	754	High Cadence 10
990	1080	Threshold 1
1110	1200	Threshold 2
1230	1320	Threshold 3
1350	1440	Threshold 4
1470	1560	Threshold 5
1590	1680	Threshold 6
1860	2160	Ladder
2446	2458	Sprint 1
2553	2563	Sprint 2
2663	2675	Sprint 3
[END INTERVAL DATA]
