[COURSE HEADER]
VERSION = 0
UNITS = ENGLISH
DESCRIPTION = Sharktooth,88,77. Created by 44054.
FILE NAME = none
MINUTES	FTP
[END COURSE HEADER]

[COURSE DATA]
0	50
5	50
5	70
6	70
6	80
7	80
7	90
8	90
8	50
10	50
10	40
10.08	40
10.08	120
10.25	120
10.25	85
10.75	85
10.75	40
10.83	40
10.83	120
11	120
11	85
11.5	85
11.5	40
11.58	40
11.58	120
11.75	120
11.75	85
12.25	85
12.25	40
12.33	40
12.33	120
12.5	120
12.5	85
13	85
13	40
13.08	40
13.08	120
13.25	120
13.25	85
13.75	85
13.75	40
13.83	40
13.83	120
14	120
14	85
14.5	85
14.5	40
14.58	40
14.58	120
14.75	120
14.75	85
15.25	85
15.25	40
15.33	40
15.33	120
15.5	120
15.5	85
16	85
16	40
16.08	40
16.08	120
16.25	120
16.25	85
16.75	85
16.75	40
16.83	40
16.83	120
17	120
17	85
17.5	85
17.5	40
17.58	40
17.58	120
17.75	120
17.75	85
18.25	85
18.25	40
18.33	40
18.33	120
18.5	120
18.5	85
19	85
19	40
19.08	40
19.08	120
19.25	120
19.25	85
19.75	85
19.75	40
19.83	40
19.83	120
20	120
20	85
20.5	85
20.5	40
20.58	40
20.58	120
20.75	120
20.75	85
21.25	85
21.25	40
21.33	40
21.33	120
21.5	120
21.5	85
22	85
22	40
22.08	40
22.08	120
22.25	120
22.25	85
22.75	85
22.75	40
22.83	40
22.83	120
23	120
23	85
23.5	85
23.5	40
23.58	40
23.58	120
23.75	120
23.75	85
24.25	85
24.25	40
24.33	40
24.33	120
24.5	120
24.5	85
25	85
25	40
25.08	40
25.08	120
25.25	120
25.25	75
25.58	75
25.58	145
25.75	145
25.75	40
25.83	40
25.83	120
26	120
26	75
26.5	75
26.5	40
26.58	40
26.58	120
26.75	120
26.75	75
27.25	75
27.25	40
27.33	40
27.33	120
27.5	120
27.5	75
28	75
28	40
28.08	40
28.08	120
28.25	120
28.25	75
28.75	75
28.75	40
28.83	40
28.83	120
29	120
29	145
29.08	145
29.08	75
29.33	75
29.33	131
29.5	131
29.5	40
29.58	40
29.58	120
29.75	120
29.75	75
30.25	75
30.25	40
30.33	40
30.33	120
30.5	120
30.5	75
31	75
31	40
31.08	40
31.08	120
31.25	120
31.25	75
31.75	75
31.75	40
31.83	40
31.83	120
32	120
32	75
32.5	75
32.5	40
32.58	40
32.58	120
32.75	120
32.75	131
32.88	131
32.88	75
33.25	75
33.25	40
33.33	40
33.33	120
33.5	120
33.5	75
33.7	75
33.7	131
33.83	131
33.83	75
34	75
34	40
34.08	40
34.08	120
34.25	120
34.25	75
34.75	75
34.75	40
34.83	40
34.83	120
35	120
35	75
35.5	75
35.5	40
35.58	40
35.58	120
35.75	120
35.75	75
36.25	75
36.25	40
36.33	40
36.33	120
36.5	120
36.5	75
37	75
37	40
37.08	40
37.08	120
37.25	120
37.25	75
37.58	75
37.58	131
37.75	131
37.75	40
37.83	40
37.83	120
38	120
38	75
38.5	75
38.5	40
38.58	40
38.58	120
38.75	120
38.75	115
40	115
40	40
40.08	40
40.08	120
40.25	120
40.25	125
40.33	125
40.33	90
40.58	90
40.58	125
40.66	125
40.66	90
40.75	90
40.75	40
40.83	40
40.83	120
41	120
41	90
41.16	90
41.16	125
41.25	125
41.25	90
41.5	90
41.5	40
41.58	40
41.58	120
41.75	120
41.75	125
41.83	125
41.83	90
42.08	90
42.08	125
42.16	125
42.16	90
42.25	90
42.25	40
42.33	40
42.33	120
42.5	120
42.5	90
42.66	90
42.66	125
42.75	125
42.75	90
43	90
43	40
43.08	40
43.08	120
43.25	120
43.25	125
43.33	125
43.33	90
43.58	90
43.58	125
43.66	125
43.66	90
43.75	90
43.75	40
43.83	40
43.83	120
44	120
44	90
44.16	90
44.16	125
44.25	125
44.25	90
44.5	90
44.5	40
44.58	40
44.58	120
44.75	120
44.75	125
44.83	125
44.83	90
45.08	90
45.08	125
45.16	125
45.16	90
45.25	90
45.25	40
45.33	40
45.33	120
45.5	120
45.5	90
45.66	90
45.66	125
45.75	125
45.75	90
46	90
46	40
46.08	40
46.08	120
46.25	120
46.25	125
46.33	125
46.33	90
46.58	90
46.58	125
46.66	125
46.66	90
46.75	90
46.75	40
46.83	40
46.83	120
47	120
47	90
47.16	90
47.16	125
47.25	125
47.25	90
47.5	90
47.5	40
47.58	40
47.58	120
47.75	120
47.75	125
47.83	125
47.83	90
48.08	90
48.08	125
48.16	125
48.16	90
48.25	90
48.25	40
48.33	40
48.33	120
48.5	120
48.5	90
48.66	90
48.66	125
48.75	125
48.75	90
49	90
49	40
49.08	40
49.08	120
49.25	120
49.25	125
49.33	125
49.33	90
49.58	90
49.58	125
49.66	125
49.66	90
49.75	90
49.75	40
49.83	40
49.83	120
50	120
50	90
50.16	90
50.16	125
50.25	125
50.25	90
50.5	90
50.5	40
50.58	40
50.58	120
50.75	120
50.75	125
50.83	125
50.83	90
51.08	90
51.08	125
51.16	125
51.16	90
51.25	90
51.25	40
51.33	40
51.33	120
51.5	120
51.5	90
51.66	90
51.66	125
51.75	125
51.75	90
52	90
52	40
52.08	40
52.08	120
52.25	120
52.25	130
52.33	130
52.33	96
52.58	96
52.58	130
52.66	130
52.66	96
52.75	96
52.75	40
52.83	40
52.83	120
53	120
53	96
53.16	96
53.16	130
53.25	130
53.25	96
53.5	96
53.5	40
53.58	40
53.58	120
53.75	120
53.75	130
53.83	130
53.83	96
54.08	96
54.08	130
54.16	130
54.16	96
54.25	96
54.25	40
54.33	40
54.33	120
54.5	120
54.5	120
54.83	120
54.83	130
54.91	130
54.91	160
55	160
55	50
60	50
[END COURSE DATA]

[COURSE TEXT]
0	Let's get ready for a Criterium Race	8	0	0	72	16777215	20
0	The race starts at 10 minutes in	8	0	0	72	16777215	30
0	So just spin easy to warm up for now	8	0	0	72	16777215	40
0	We'll be riding on a 4 corner course with each lap taking 3 minutes	8	0	0	72	16777215	50
0	The corners are tight so you can coast or spin easy through them	8	0	0	72	16777215	60
0	And then accelerate out of them	8	0	0	72	16777215	70
0	Before settling into a moderate pace for the straightaways	8	0	0	72	16777215	80
0	The race is 45 minutes long with 15 laps	8	0	0	72	16777215	90
0	We have 3 minutes of high cadence drills coming up	8	0	0	72	16777215	280
0	Bring your cadence up to 90-100 for this first minute	8	0	0	72	16777215	290
300	90-100 RPM	8	0	0	72	16777215	-1
360	Pick it up a bit. 100-110	8	0	0	72	16777215	-1
420	Bring it up a little faster. 110+	8	0	0	72	16777215	-1
480	Nice! Now spin easy. 2 minutes until the race starts	8	0	0	72	16777215	-1
480	10 seconds to start!	8	0	0	72	16777215	110
600	Go! (yeah, it starts out easy while everyone clips in)	5	0	0	72	16777215	-1
605	Ok, Accelerate!	5	0	0	72	16777215	-1
605	First straightaway. Settle into a rhythm	8	0	0	72	16777215	5
645	Corner! Soft pedal or coast through these.	5	0	0	72	16777215	-1
650	These corners are tight so you have to increase the effort out of each one to stay with the pack	8	0	0	72	16777215	-1
690	Corner!	8	0	0	72	16777215	-1
780	Starting lap 2	8	0	0	72	255	-1
960	Starting lap 3	8	0	0	72	255	-1
1140	Starting lap 4	8	0	0	72	255	-1
1320	Starting lap 5	8	0	0	72	255	-1
1500	Starting lap 6	8	0	0	72	255	-1
1505	The pack is a little fatigued so the straightaway pace drops a bit	8	0	0	72	16777215	5
1515	But be ready to cover if someone attacks	8	0	0	72	16777215	5
1535	Attack!	8	0	0	72	16711680	-1
1680	Starting lap 7	8	0	0	72	255	-1
1740	Attack!	5	0	0	72	16711680	-1
1760	Attack Again!	5	0	0	72	16711680	-1
1860	Starting lap 8	8	0	0	72	255	-1
1920	Attack!	8	0	0	72	16711680	15
2022	Cover the gap!	8	0	0	72	16711680	-1
2040	Starting lap 9	8	0	0	72	255	-1
2220	Starting lap 10	8	0	0	72	255	-1
2255	Go!	8	0	0	72	16711680	-1
2280	Time to make our move.3 riders are off the front. Bridge the gap and join them.	8	0	0	72	16777215	10
2280	Starting lap 11	8	0	0	72	255	20
2310	Take off out of the next corner	8	0	0	72	16777215	-1
2325	It's gonna take at least a minute to catch up with them.	8	0	0	72	16777215	-1
2325	No need to slow for the corners since your are by yourself	8	0	0	72	16777215	10
2400	Great! You caught up. But it will take a team effort to stay away	5	0	0	72	16777215	-1
2405	Take a 5 second pull at the front then recover for 15 seconds before your next turn.	8	0	0	72	16777215	-1
2415	And slow down for the corners	8	0	0	72	16777215	-1
2580	Starting lap 12	8	0	0	72	255	-1
2760	3 Laps to go! Starting lap 13	8	0	0	72	255	-1
2940	2 Laps to go! Starting lap 14	8	0	0	72	255	-1
3120	Last Lap! Starting lap 15	8	0	0	72	255	-1
3125	Time to pick it up a bit and get in position to sprint	8	0	0	72	16777215	5
3260	Come out of this last corner strong! Fast cadence!	8	0	0	72	16777215	-1
3290	A rider went by you. Jump on his wheel!	5	0	0	72	16777215	-1
3295	Sprint for the win!	5	0	0	72	16777215	-1
3300	Wow! That was a close finish.	8	0	0	72	16777215	-1
3300	Too close to call. We'll have to wait for the finish line footage to see who won	8	0	0	72	16777215	10
3300	Now it's time to clear the course and cool down	8	0	0	72	16777215	20
3300	See you next time!	8	0	0	72	16777215	30
[END COURSE TEXT]

[INTERVAL DATA]
0	3600	Workout
300	360	Endurance 1
360	420	Tempo 1
420	480	Sweet Spot 1
605	615	VO2 Max 1
615	645	Sweet Spot 2
650	660	VO2 Max 2
660	690	Sweet Spot 3
695	705	VO2 Max 3
705	735	Sweet Spot 4
740	750	VO2 Max 4
750	780	Sweet Spot 5
785	795	VO2 Max 5
795	825	Sweet Spot 6
830	840	VO2 Max 6
840	870	Sweet Spot 7
875	885	VO2 Max 7
885	915	Sweet Spot 8
920	930	VO2 Max 8
930	960	Sweet Spot 9
965	975	VO2 Max 9
975	1005	Sweet Spot 10
1010	1020	VO2 Max 10
1020	1050	Sweet Spot 11
1055	1065	VO2 Max 11
1065	1095	Sweet Spot 12
1100	1110	VO2 Max 12
1110	1140	Sweet Spot 13
1145	1155	VO2 Max 13
1155	1185	Sweet Spot 14
1190	1200	VO2 Max 14
1200	1230	Sweet Spot 15
1235	1245	VO2 Max 15
1245	1275	Sweet Spot 16
1280	1290	VO2 Max 16
1290	1320	Sweet Spot 17
1325	1335	VO2 Max 17
1335	1365	Sweet Spot 18
1370	1380	VO2 Max 18
1380	1410	Sweet Spot 19
1415	1425	VO2 Max 19
1425	1455	Sweet Spot 20
1460	1470	VO2 Max 20
1470	1500	Sweet Spot 21
1505	1515	VO2 Max 21
1515	1535	Endurance 2
1535	1545	Sprint 1
1550	1560	VO2 Max 22
1560	1590	Endurance 3
1595	1605	VO2 Max 23
1605	1635	Endurance 4
1640	1650	VO2 Max 24
1650	1680	Endurance 5
1685	1695	VO2 Max 25
1695	1725	Endurance 6
1730	1740	VO2 Max 26
1740	1745	Sprint 2
1745	1760	Endurance 7
1760	1770	Sprint 3
1775	1785	VO2 Max 27
1785	1815	Endurance 8
1820	1830	VO2 Max 28
1830	1860	Endurance 9
1865	1875	VO2 Max 29
1875	1905	Endurance 10
1910	1920	VO2 Max 30
1920	1950	Endurance 11
1955	1965	VO2 Max 31
1965	1973	Sprint 4
1973	1995	Endurance 12
2000	2010	VO2 Max 32
2010	2022	Endurance 13
2022	2030	Sprint 5
2030	2040	Endurance 14
2045	2055	VO2 Max 33
2055	2085	Endurance 15
2090	2100	VO2 Max 34
2100	2130	Endurance 16
2135	2145	VO2 Max 35
2145	2175	Endurance 17
2180	2190	VO2 Max 36
2190	2220	Endurance 18
2225	2235	VO2 Max 37
2235	2255	Endurance 19
2255	2265	Sprint 6
2270	2280	VO2 Max 38
2280	2310	Endurance 20
2315	2325	VO2 Max 39
2325	2400	VO2 Max 40
2405	2415	VO2 Max 41
2415	2420	Sprint 7
2420	2435	Sweet Spot 22
2435	2440	Sprint 8
2440	2445	Sweet Spot 23
2450	2460	VO2 Max 42
2460	2470	Sweet Spot 24
2470	2475	Sprint 9
2475	2490	Sweet Spot 25
2495	2505	VO2 Max 43
2505	2510	Sprint 10
2510	2525	Sweet Spot 26
2525	2530	Sprint 11
2530	2535	Sweet Spot 27
2540	2550	VO2 Max 44
2550	2560	Sweet Spot 28
2560	2565	Sprint 12
2565	2580	Sweet Spot 29
2585	2595	VO2 Max 45
2595	2600	Sprint 13
2600	2615	Sweet Spot 30
2615	2620	Sprint 14
2620	2625	Sweet Spot 31
2630	2640	VO2 Max 46
2640	2650	Sweet Spot 32
2650	2655	Sprint 15
2655	2670	Sweet Spot 33
2675	2685	VO2 Max 47
2685	2690	Sprint 16
2690	2705	Sweet Spot 34
2705	2710	Sprint 17
2710	2715	Sweet Spot 35
2720	2730	VO2 Max 48
2730	2740	Sweet Spot 36
2740	2745	Sprint 18
2745	2760	Sweet Spot 37
2765	2775	VO2 Max 49
2775	2780	Sprint 19
2780	2795	Sweet Spot 38
2795	2800	Sprint 20
2800	2805	Sweet Spot 39
2810	2820	VO2 Max 50
2820	2830	Sweet Spot 40
2830	2835	Sprint 21
2835	2850	Sweet Spot 41
2855	2865	VO2 Max 51
2865	2870	Sprint 22
2870	2885	Sweet Spot 42
2885	2890	Sprint 23
2890	2895	Sweet Spot 43
2900	2910	VO2 Max 52
2910	2920	Sweet Spot 44
2920	2925	Sprint 24
2925	2940	Sweet Spot 45
2945	2955	VO2 Max 53
2955	2960	Sprint 25
2960	2975	Sweet Spot 46
2975	2980	Sprint 26
2980	2985	Sweet Spot 47
2990	3000	VO2 Max 54
3000	3010	Sweet Spot 48
3010	3015	Sprint 27
3015	3030	Sweet Spot 49
3035	3045	VO2 Max 55
3045	3050	Sprint 28
3050	3065	Sweet Spot 50
3065	3070	Sprint 29
3070	3075	Sweet Spot 51
3080	3090	VO2 Max 56
3090	3100	Sweet Spot 52
3100	3105	Sprint 30
3105	3120	Sweet Spot 53
3125	3135	VO2 Max 57
3135	3140	Sprint 31
3140	3155	Threshold 1
3155	3160	Sprint 32
3160	3165	Threshold 2
3170	3180	VO2 Max 58
3180	3190	Threshold 3
3190	3195	Sprint 33
3195	3210	Threshold 4
3215	3225	VO2 Max 59
3225	3230	Sprint 34
3230	3245	Threshold 5
3245	3250	Sprint 35
3250	3255	Threshold 6
3260	3270	VO2 Max 60
3270	3290	VO2 Max 61
3290	3295	Sprint 36
3295	3300	Sprint 37
[END INTERVAL DATA]

[MODE DATA]
[END MODE DATA]

