[COURSE HEADER]
VERSION = 2
UNITS = ENGLISH
DESCRIPTION = 5x5m @ 110-115%FT; 5RBI
FILE NAME = NS60VO087_AerobicPower2_5x5m.mrc
MINUTES	FTP
[END COURSE HEADER]

[COURSE DATA]
0.0	50
4.0	50
4.0	85
7.0	95
7.0	40
8.5	40
8.5	125
9.0	125
9.0	40
9.5	40
9.5	135
10.0	135
10.0	50
15.0	50
15.0	135
15.67	135
15.67	40
16.0	40
16.0	135
16.67	135
16.67	40
17.0	40
17.0	135
17.67	135
17.67	40
18.0	40
18.0	135
18.67	135
18.67	40
19.0	40
19.0	135
19.67	135
19.67	50
23.0	50
23.0	135
23.67	135
23.67	40
24.0	40
24.0	135
24.67	135
24.67	40
25.0	40
25.0	135
25.67	135
25.67	40
26.0	40
26.0	135
26.67	135
26.67	40
27.0	40
27.0	135
27.67	135
27.67	50
31.0	50
31.0	135
31.67	135
31.67	40
32.0	40
32.0	135
32.67	135
32.67	40
33.0	40
33.0	135
33.67	135
33.67	40
34.0	40
34.0	135
34.67	135
34.67	40
35.0	40
35.0	135
35.67	135
35.67	50
39.0	50
39.0	135
39.67	135
39.67	40
40.0	40
40.0	135
40.67	135
40.67	40
41.0	40
41.0	135
41.67	135
41.67	40
42.0	40
42.0	135
42.67	135
42.67	40
43.0	40
43.0	135
43.67	135
43.67	50
47.0	50
47.0	135
47.67	135
47.67	40
48.0	40
48.0	135
48.67	135
48.67	40
49.0	40
49.0	135
49.67	135
49.67	40
50.0	40
50.0	135
50.67	135
50.67	40
51.0	40
51.0	135
51.67	135
51.67	50
60.0	40
[END COURSE DATA]

[INTERVAL DATA]
0	3600	Workout
240	420	Warmup Ramp
510	540	Warmup 1
570	600	Warmup 2
900	1180	Set 1
900	940	Set 1, Interval 1
960	1000	Set 1, Interval 2
1020	1060	Set 1, Interval 3
1080	1120	Set 1, Interval 4
1140	1180	Set 1, Interval 5
1380	1660	Set 2
1380	1420	Set 2, Interval 1
1440	1480	Set 2, Interval 2
1500	1540	Set 2, Interval 3
1560	1600	Set 2, Interval 4
1620	1660	Set 2, Interval 5
1860	2140	Set 3
1860	1900	Set 3, Interval 1
1920	1960	Set 3, Interval 2
1980	2020	Set 3, Interval 3
2040	2080	Set 3, Interval 4
2100	2140	Set 3, Interval 5
2340	2620	Set 4
2340	2380	Set 4, Interval 1
2400	2440	Set 4, Interval 2
2460	2500	Set 4, Interval 3
2520	2560	Set 4, Interval 4
2580	2620	Set 4, Interval 5
2820	3100	Set 5
2820	2860	Set 5, Interval 1
2880	2920	Set 5, Interval 2
2940	2980	Set 5, Interval 3
3000	3040	Set 5, Interval 4
3060	3100	Set 5, Interval 5
[END INTERVAL DATA]
