[COURSE HEADER]
VERSION = 2
UNITS = ENGLISH
DESCRIPTION = 3LC Sprinting, 82, 67. 59:15 long. 10 min warmup. 6s sprint, 5x10s sprints, 5 min ILT, 5x15s sprint, 3x10s sprints, 2x(45sTT, 15s sprint), 3 min lead out and sprint
FILE NAME = 3lcSprinting.txt
MINUTES	FTP
[END COURSE HEADER]

[COURSE DATA]
0	50
3.55	50
3.55	55
4.57	55
4.57	60
5.56	60
5.56	70
6.57	70
6.57	80
7.57	80
7.57	90
8.56	90
8.56	50
9.58	50
9.58	200
9.68	200
9.68	60
10.61	60
10.61	210
10.78	210
10.78	50
11.65	50
11.65	210
11.82	210
11.82	50
12.68	50
12.68	210
12.85	210
12.85	50
13.7	50
13.7	210
13.87	210
13.87	50
14.74	50
14.74	210
14.91	210
14.91	40
15.79	40
15.79	50
16.81	50
16.81	60
17.8	60
17.8	50
18.81	50
18.81	60
19.8	60
19.8	50
20.8	50
20.8	180
21.05	180
21.05	50
21.83	50
21.83	180
22.08	180
22.08	50
22.86	50
22.86	180
23.11	180
23.11	50
23.89	50
23.89	180
24.14	180
24.14	50
24.93	50
24.93	180
25.18	180
25.18	40
25.98	40
25.98	50
26.99	50
26.99	60
27.98	60
27.98	50
28.99	50
28.99	60
30	60
30	50
31.99	50
31.99	250
32.16	250
32.16	50
33.01	50
33.01	250
33.18	250
33.18	50
34.03	50
34.03	250
34.20	250
34.20	60
40.09	60
40.09	130
40.85	130
40.85	170
41.10	170
41.10	50
43.15	50
43.15	130
43.90	130
43.90	170
44.15	170
44.15	50
46.2	50
46.2	115
47.2	115
47.2	125
48.2	125
48.2	135
49.2	135
49.2	50
59.22	50
[END COURSE DATA]

[INTERVAL DATA]
0	3553	Workout
213	514	Warmup
575	581	Sprint 1:1
637	647	Sprint 1:2
699	709	Sprint 1:3
761	771	Sprint 1:4
822	832	Srpint 1:5
884	895	Sprint 1:6
1248	1263	Sprint 2:1
1310	1325	Sprint 2:2
1372	1387	Sprint 2:3
1433	1448	Sprint 2:4
1496	1511	Sprint 2:5
1919	1930	Sprint 3:1
1981	1991	Sprint 3:2
2042	2052	Sprint 3:3
2405	2451	Steady State 1
2451	2466	Sprint 4:1
2589	2634	Steady State 2
2634	2649	Sprint 4:2
2772	2952	Lead Out
[END INTERVAL DATA]
