[COURSE HEADER]
VERSION = 0
UNITS = ENGLISH
DESCRIPTION = There Is No Try,96,84. Created by 1221.
FILE NAME = none
MINUTES	FTP
[END COURSE HEADER]

[COURSE DATA]
0	50
4.63	50
4.63	70
6.63	70
6.63	75
7.65	75
7.65	85
8.03	85
8.03	75
8.53	75
8.53	85
9	85
9	78
9.61	78
9.61	50
10.06	50
10.06	123
10.31	123
10.31	128
10.56	128
10.56	133
10.81	133
10.81	138
11.06	138
11.06	45
12.35	45
12.35	112
12.85	112
12.85	117
13.35	117
13.35	122
13.86	122
13.86	127
14.38	127
14.38	45
15.73	45
15.73	108
16.46	108
16.46	113
17.23	113
17.23	118
17.93	118
17.93	123
18.68	123
18.68	45
19.96	45
19.96	100
21.01	100
21.01	105
21.96	105
21.96	110
22.96	110
22.96	115
23.96	115
23.96	45
25.78	45
25.78	95
27.78	95
27.78	98
29.78	98
29.78	101
31.78	101
31.78	104
33.78	104
33.78	45
36.08	45
36.08	94
37.08	94
37.08	99
38.08	99
38.08	104
39.06	104
39.06	109
40.1	109
40.1	45
41.91	45
41.91	108
42.66	108
42.66	113
43.45	113
43.45	118
44.16	118
44.16	123
44.95	123
44.95	45
46.38	45
46.38	113
46.86	113
46.86	118
47.38	118
47.38	123
47.88	123
47.88	128
48.41	128
48.41	45
49.68	45
49.68	127
49.93	127
49.93	132
50.18	132
50.18	137
50.43	137
50.43	142
50.86	142
50.86	45
55	45
[END COURSE DATA]

[COURSE TEXT]
[END COURSE TEXT]

[INTERVAL DATA]
0	3300	Workout
278	577	Endurance 1
604	664	Anaerobic Capacity 1
741	863	VO2 Max 1
944	1121	VO2 Max 2
1198	1438	VO2 Max 3
1547	2027	Threshold 1
2165	2406	Threshold 2
2515	2697	VO2 Max 4
2783	2905	VO2 Max 5
2981	3052	Anaerobic Capacity 2
[END INTERVAL DATA]

