[COURSE HEADER]
VERSION = 0
UNITS = ENGLISH
DESCRIPTION = Ride Fit Ellipti GO World Championships,107,144. Created by 11407.
FILE NAME = none
MINUTES	FTP
[END COURSE HEADER]

[COURSE DATA]
0	0
0.3	0
0.3	45
2.51	45
2.51	57
3.28	57
3.28	96
9.78	96
9.78	92
12.45	92
12.45	96
16.76	96
16.76	92
18.25	92
18.25	96
19.95	96
19.95	92
26.6	92
26.6	96
27.38	96
27.38	77
27.83	77
27.83	99
29.18	99
29.18	96
29.9	96
29.9	107
31.16	107
31.16	110
32.01	110
32.01	107
33.2	107
33.2	121
33.81	121
33.81	107
34.35	107
34.35	121
34.96	121
34.96	107
35.83	107
35.83	110
36.51	110
36.51	107
37.18	107
37.18	121
38.55	121
38.55	107
39.21	107
39.21	121
40.03	121
40.03	107
41.51	107
41.51	121
43.11	121
43.11	107
45.41	107
45.41	121
46.51	121
46.51	107
47.45	107
47.45	121
48.5	121
48.5	107
49.28	107
49.28	121
52.21	121
52.21	107
52.65	107
52.65	121
53.11	121
53.11	107
53.53	107
53.53	121
54.46	121
54.46	107
56.2	107
56.2	121
59.75	121
59.75	107
61.76	107
61.76	121
65.41	121
65.41	107
67.41	107
67.41	126
68.71	126
68.71	145
70.21	145
70.21	126
71.4	126
71.4	39
75.73	39
[END COURSE DATA]

[COURSE TEXT]
[END COURSE TEXT]

[INTERVAL DATA]
0	4544	Workout
151	197	Endurance 1
197	587	Threshold 1
587	747	Sweet Spot 1
747	1006	Threshold 2
1006	1095	Sweet Spot 2
1095	1197	Threshold 3
1197	1596	Sweet Spot 3
1596	1643	Threshold 4
1643	1670	Tempo 1
1670	1751	Threshold 5
1751	1794	Threshold 6
1794	1870	VO2 Max 1
1870	1921	VO2 Max 2
1921	1992	VO2 Max 3
1992	2029	Anaerobic Capacity 1
2029	2061	VO2 Max 4
2061	2098	Anaerobic Capacity 2
2098	2150	VO2 Max 5
2150	2191	VO2 Max 6
2191	2231	VO2 Max 7
2231	2313	Anaerobic Capacity 3
2313	2353	VO2 Max 8
2353	2402	Anaerobic Capacity 4
2402	2491	VO2 Max 9
2491	2587	Anaerobic Capacity 5
2587	2725	VO2 Max 10
2725	2791	Anaerobic Capacity 6
2791	2847	VO2 Max 11
2847	2910	Anaerobic Capacity 7
2910	2957	VO2 Max 12
2957	3133	Anaerobic Capacity 8
3133	3159	VO2 Max 13
3159	3187	Sprint 1
3187	3212	VO2 Max 14
3212	3268	Anaerobic Capacity 9
3268	3372	VO2 Max 15
3372	3585	Anaerobic Capacity 10
3585	3706	VO2 Max 16
3706	3925	Anaerobic Capacity 11
3925	4045	VO2 Max 17
4045	4123	Anaerobic Capacity 12
4123	4213	Anaerobic Capacity 13
4213	4284	Anaerobic Capacity 14
[END INTERVAL DATA]

[MODE DATA]
[END MODE DATA]

