[COURSE HEADER]
VERSION = 0
UNITS = ENGLISH
DESCRIPTION = Sufferfest Nine Hammers,91,83. Created by 11407.
FILE NAME = none
MINUTES	FTP
[END COURSE HEADER]

[COURSE DATA]
0	40
2.7	40
2.7	60
3.7	60
3.7	105
4	105
4	70
4.53	70
4.53	80
4.8	80
4.8	70
5.15	70
5.15	110
5.31	110
5.31	70
6.31	70
6.31	40
6.81	40
6.81	115
6.98	115
6.98	95
7.98	95
7.98	40
9.46	40
9.46	100
10.48	100
10.48	95
12.48	95
12.48	105
12.98	105
12.98	90
13.56	90
13.56	100
13.98	100
13.98	40
15.98	40
15.98	115
16.31	115
16.31	105
16.38	105
16.38	120
16.45	120
16.45	105
16.56	105
16.56	120
16.65	120
16.65	115
16.98	115
16.98	105
17.98	105
17.98	115
18.71	115
18.71	130
18.98	130
18.98	40
20.98	40
20.98	90
21.96	90
21.96	130
22.23	130
22.23	90
22.73	90
22.73	115
24.48	115
24.48	40
26.96	40
26.96	90
28.46	90
28.46	100
29.96	100
29.96	105
31.46	105
31.46	40
33.46	40
33.46	115
36.2	115
36.2	130
36.46	130
36.46	35
37.96	35
37.96	115
38.98	115
38.98	105
39.48	105
39.48	115
40.46	115
40.46	105
40.96	105
40.96	40
43.96	40
43.96	100
46.96	100
46.96	40
48.96	40
48.96	130
49.46	130
49.46	105
49.55	105
49.55	130
49.73	130
49.73	105
50.96	105
50.96	115
51.96	115
51.96	70
53.48	70
53.48	105
54.46	105
54.46	115
55.46	115
55.46	125
56.46	125
56.46	35
59.83	35
[END COURSE DATA]

[COURSE TEXT]
[END COURSE TEXT]

[INTERVAL DATA]
0	3590	Workout
162	222	Endurance 1
222	240	Threshold 1
240	272	Endurance 2
272	288	Tempo 1
288	309	Endurance 3
309	319	VO2 Max 1
319	379	Endurance 4
409	419	VO2 Max 2
419	479	Sweet Spot 1
568	629	Threshold 2
629	749	Sweet Spot 2
749	779	Threshold 3
779	814	Sweet Spot 3
814	839	Threshold 4
959	979	VO2 Max 3
979	983	Threshold 5
983	987	VO2 Max 4
987	994	Threshold 6
994	999	VO2 Max 5
999	1019	VO2 Max 6
1019	1079	Threshold 7
1079	1123	VO2 Max 7
1123	1139	Sprint 1
1259	1318	Sweet Spot 4
1318	1334	Sprint 2
1334	1364	Sweet Spot 5
1364	1469	VO2 Max 8
1618	1708	Sweet Spot 6
1708	1798	Threshold 8
1798	1888	Threshold 9
2008	2172	VO2 Max 9
2172	2188	Sprint 3
2278	2339	VO2 Max 10
2339	2369	Threshold 10
2369	2428	VO2 Max 11
2428	2458	Threshold 11
2638	2818	Threshold 12
2938	2968	Sprint 4
2968	2973	Threshold 13
2973	2984	Sprint 5
2984	3058	Threshold 14
3058	3118	VO2 Max 12
3118	3209	Endurance 5
3209	3268	Threshold 15
3268	3328	VO2 Max 13
3328	3388	Anaerobic Capacity 1
[END INTERVAL DATA]

[MODE DATA]
[END MODE DATA]

