[COURSE HEADER]
VERSION = 0
UNITS = ENGLISH
DESCRIPTION = Sufferfest Angels 2015,93,82. Created by 11407.
FILE NAME = none
MINUTES	FTP
[END COURSE HEADER]

[COURSE DATA]
0	40
3.5	40
3.5	70
4.5	70
4.5	75
5.76	75
5.76	95
6.78	95
6.78	105
7.11	105
7.11	95
7.8	95
7.8	70
8.5	70
8.5	95
9.5	95
9.5	105
10.5	105
10.5	95
11.5	95
11.5	105
12.5	105
12.5	95
13.5	95
13.5	105
14.5	105
14.5	95
15.5	95
15.5	105
16.5	105
16.5	95
17.5	95
17.5	105
18.5	105
18.5	40
21.5	40
21.5	75
22.13	75
22.13	100
22.9	100
22.9	105
23.95	105
23.95	115
24.73	115
24.73	95
25.3	95
25.3	100
25.68	100
25.68	110
26.26	110
26.26	100
27.78	100
27.78	105
29.23	105
29.23	120
29.5	120
29.5	40
33.5	40
33.5	70
33.61	70
33.61	110
33.83	110
33.83	95
34.25	95
34.25	100
36.33	100
36.33	95
36.63	95
36.63	115
36.86	115
36.86	105
38.16	105
38.16	110
40.45	110
40.45	115
40.63	115
40.63	110
41.5	110
41.5	40
45.5	40
45.5	105
45.95	105
45.95	115
46.2	115
46.2	105
47.16	105
47.16	110
47.41	110
47.41	105
47.83	105
47.83	115
48.05	115
48.05	105
48.61	105
48.61	115
48.85	115
48.85	105
49.11	105
49.11	115
49.26	115
49.26	105
49.8	105
49.8	115
49.96	115
49.96	105
50.2	105
50.2	95
50.43	95
50.43	110
51.08	110
51.08	100
51.5	100
51.5	105
52.5	105
52.5	125
52.75	125
52.75	105
53.15	105
53.15	135
53.5	135
53.5	40
56.9	40
[END COURSE DATA]

[COURSE TEXT]
[END COURSE TEXT]

[INTERVAL DATA]
0	3414	Workout
210	270	Endurance 1
270	346	Endurance 2
346	407	Sweet Spot 1
407	427	Threshold 1
427	468	Sweet Spot 2
468	510	Endurance 3
510	570	Sweet Spot 3
570	630	Threshold 2
630	690	Sweet Spot 4
690	750	Threshold 3
750	810	Sweet Spot 5
810	870	Threshold 4
870	930	Sweet Spot 6
930	990	Threshold 5
990	1050	Sweet Spot 7
1050	1110	Threshold 6
1290	1328	Endurance 4
1328	1374	Threshold 7
1374	1437	Threshold 8
1437	1484	VO2 Max 1
1484	1518	Sweet Spot 8
1518	1541	Threshold 9
1541	1576	VO2 Max 2
1576	1667	Threshold 10
1667	1754	Threshold 11
1754	1770	VO2 Max 3
2010	2017	Endurance 5
2017	2030	VO2 Max 4
2030	2055	Sweet Spot 9
2055	2180	Threshold 12
2180	2198	Sweet Spot 10
2198	2212	VO2 Max 5
2212	2290	Threshold 13
2290	2427	VO2 Max 6
2427	2438	VO2 Max 7
2438	2490	VO2 Max 8
2730	2757	Threshold 14
2757	2772	VO2 Max 9
2772	2830	Threshold 15
2830	2845	VO2 Max 10
2845	2870	Threshold 16
2870	2883	VO2 Max 11
2883	2917	Threshold 17
2917	2931	VO2 Max 12
2931	2947	Threshold 18
2947	2956	VO2 Max 13
2956	2988	Threshold 19
2988	2998	VO2 Max 14
2998	3012	Threshold 20
3012	3026	Sweet Spot 11
3026	3065	VO2 Max 15
3065	3090	Threshold 21
3090	3150	Threshold 22
3150	3165	Sprint 1
3165	3189	Threshold 23
3189	3210	Sprint 2
[END INTERVAL DATA]

[MODE DATA]
[END MODE DATA]

