[COURSE HEADER]
VERSION = 0
UNITS = ENGLISH
DESCRIPTION = Epic Acadia,84,78. Created by 1.
FILE NAME = none
MINUTES	FTP
[END COURSE HEADER]

[COURSE DATA]
0	50
1.36	50
1.36	50
2.53	50
2.53	80
7.91	80
7.91	50
9.48	50
9.48	80
10	80
10	60
11.28	60
11.28	80
11.63	80
11.63	60
12.95	60
12.95	80
13.55	80
13.55	60
14.26	60
14.26	80
15.98	80
15.98	60
16.36	60
16.36	80
16.76	80
16.76	60
17.63	60
17.63	80
18.15	80
18.15	60
18.96	60
18.96	80
19.56	80
19.56	60
20.66	60
20.66	80
23	80
23	60
23.3	60
23.3	60
24.11	60
24.11	80
25.98	80
25.98	60
26.86	60
26.86	80
28.88	80
28.88	60
31.36	60
31.36	80
33.06	80
33.06	60
33.78	60
33.78	100
52.2	100
52.2	110
54.2	110
54.2	70
59.6	70
59.6	70
65.03	70
65.03	50
66.68	50
[END COURSE DATA]

[COURSE TEXT]
[END COURSE TEXT]

[INTERVAL DATA]
0	4001	Workout
152	475	Tempo 1
569	600	Tempo 2
677	698	Tempo 3
777	813	Tempo 4
856	959	Tempo 5
982	1006	Tempo 6
1058	1089	Tempo 7
1138	1174	Tempo 8
1240	1380	Tempo 9
1447	1559	Tempo 10
1612	1733	Tempo 11
1882	1984	Tempo 12
2027	3902	Combined Sweet Spot 1
[END INTERVAL DATA]

