[COURSE HEADER]
VERSION = 0
UNITS = ENGLISH
DESCRIPTION = Ride Fit Hola Madrid,89,70. Created by 11407.
FILE NAME = none
MINUTES	FTP
[END COURSE HEADER]

[COURSE DATA]
0	0
0.3	0
0.3	45
2	45
2	57
2.73	57
2.73	77
4.05	77
4.05	96
4.98	96
4.98	77
5.33	77
5.33	99
7.36	99
7.36	93
7.81	93
7.81	96
8.41	96
8.41	99
11.63	99
11.63	77
12.01	77
12.01	88
15.03	88
15.03	99
16.2	99
16.2	77
18.9	77
18.9	0
19.3	0
19.3	59
19.71	59
19.71	92
20.4	92
20.4	59
20.93	59
20.93	77
22.8	77
22.8	99
23.28	99
23.28	96
25.1	96
25.1	93
25.95	93
25.95	99
26.46	99
26.46	43
26.66	43
26.66	99
27.33	99
27.33	125
28.11	125
28.11	96
28.56	96
28.56	77
30.38	77
30.38	96
30.78	96
30.78	99
31.23	99
31.23	93
32.18	93
32.18	99
33.71	99
33.71	77
34.65	77
34.65	99
34.78	99
34.78	114
35.06	114
35.06	77
36.03	77
36.03	88
38.45	88
38.45	96
39.61	96
39.61	88
42.48	88
42.48	99
44.9	99
44.9	142
45.5	142
45.5	99
45.73	99
45.73	77
45.91	77
45.91	99
46.75	99
46.75	77
47.43	77
47.43	64
48.56	64
48.56	64
48.7	64
48.7	39
53.4	39
[END COURSE DATA]

[COURSE TEXT]
[END COURSE TEXT]

[INTERVAL DATA]
0	3204	Workout
120	164	Endurance 1
164	243	Tempo 1
243	299	Threshold 1
299	320	Tempo 2
320	442	Threshold 2
442	469	Sweet Spot 1
469	505	Threshold 3
505	698	Threshold 4
698	721	Tempo 3
721	902	Sweet Spot 2
902	972	Threshold 5
972	1134	Tempo 4
1158	1183	Endurance 2
1183	1224	Sweet Spot 3
1224	1256	Endurance 3
1256	1368	Tempo 5
1368	1397	Threshold 6
1397	1506	Threshold 7
1506	1557	Sweet Spot 4
1557	1588	Threshold 8
1600	1640	Threshold 9
1640	1687	Anaerobic Capacity 1
1687	1714	Threshold 10
1714	1823	Tempo 6
1823	1847	Threshold 11
1847	1874	Threshold 12
1874	1931	Sweet Spot 5
1931	2023	Threshold 13
2023	2079	Tempo 7
2079	2087	Threshold 14
2087	2104	VO2 Max 1
2104	2162	Tempo 8
2162	2307	Sweet Spot 6
2307	2377	Threshold 15
2377	2549	Sweet Spot 7
2549	2694	Threshold 16
2694	2730	Anaerobic Capacity 2
2730	2744	Threshold 17
2744	2755	Tempo 9
2755	2805	Threshold 18
2805	2846	Tempo 10
2846	2914	Endurance 4
2914	2922	Endurance 5
[END INTERVAL DATA]

[MODE DATA]
[END MODE DATA]

