[COURSE HEADER]
VERSION = 0
UNITS = ENGLISH
DESCRIPTION = Tour de Nez +2,99,146. Created by 1273.
FILE NAME = none
MINUTES	FTP
[END COURSE HEADER]

[COURSE DATA]
0	50
10	60
10	120
10.4	120
10.4	100
10.7	100
10.7	50
10.8	50
10.8	110
11	110
11	40
11.1	40
11.1	110
11.5	110
11.5	40
16.5	40
16.5	147
16.9	147
16.9	102
17.2	102
17.2	62
17.3	62
17.3	132
17.5	132
17.5	62
17.6	62
17.6	127
18	127
18	40
18.5	40
18.5	132
18.9	132
18.9	102
19.2	102
19.2	62
19.3	62
19.3	122
19.5	122
19.5	62
19.6	62
19.6	122
20	122
20	40
20.5	40
20.5	157
20.9	157
20.9	102
21.2	102
21.2	62
21.3	62
21.3	137
21.5	137
21.5	62
21.6	62
21.6	142
22	142
22	40
22.5	40
22.5	132
22.9	132
22.9	102
23.2	102
23.2	62
23.3	62
23.3	122
23.5	122
23.5	62
23.6	62
23.6	122
24	122
24	40
24.5	40
24.5	142
24.9	142
24.9	102
25.2	102
25.2	62
25.3	62
25.3	142
25.5	142
25.5	62
25.6	62
25.6	132
26	132
26	40
26.5	40
26.5	157
26.9	157
26.9	102
27.2	102
27.2	62
27.3	62
27.3	132
27.5	132
27.5	62
27.6	62
27.6	127
28	127
28	40
28.5	40
28.5	132
28.9	132
28.9	102
29.2	102
29.2	62
29.3	62
29.3	122
29.5	122
29.5	62
29.6	62
29.6	122
30	122
30	40
30.5	40
30.5	137
30.9	137
30.9	102
31.2	102
31.2	62
31.3	62
31.3	127
31.5	127
31.5	62
31.6	62
31.6	127
32	127
32	40
32.5	40
32.5	132
32.9	132
32.9	102
33.2	102
33.2	62
33.3	62
33.3	122
33.5	122
33.5	62
33.6	62
33.6	122
34	122
34	40
34.5	40
34.5	142
34.9	142
34.9	102
35.2	102
35.2	62
35.3	62
35.3	142
35.5	142
35.5	62
35.6	62
35.6	132
36	132
36	40
36.5	40
36.5	157
36.9	157
36.9	102
37.2	102
37.2	62
37.3	62
37.3	132
37.5	132
37.5	62
37.6	62
37.6	127
38	127
38	40
38.5	40
38.5	132
38.9	132
38.9	102
39.2	102
39.2	62
39.3	62
39.3	122
39.5	122
39.5	62
39.6	62
39.6	122
40	122
40	40
40.5	40
40.5	137
40.9	137
40.9	102
41.2	102
41.2	62
41.3	62
41.3	127
41.5	127
41.5	62
41.6	62
41.6	127
42	127
42	40
42.5	40
42.5	132
42.9	132
42.9	102
43.2	102
43.2	62
43.3	62
43.3	122
43.5	122
43.5	62
43.6	62
43.6	122
44	122
44	40
44.5	40
44.5	132
44.9	132
44.9	102
45.2	102
45.2	62
45.3	62
45.3	122
45.5	122
45.5	62
45.6	62
45.6	122
46	122
46	40
46.5	40
46.5	152
46.9	152
46.9	102
47.2	102
47.2	62
47.3	62
47.3	132
47.5	132
47.5	62
47.6	62
47.6	142
48	142
48	40
48.5	40
48.5	132
48.9	132
48.9	102
49.2	102
49.2	62
49.3	62
49.3	122
49.5	122
49.5	62
49.6	62
49.6	122
50	122
50	40
50.5	40
50.5	142
50.9	142
50.9	102
51.2	102
51.2	62
51.3	62
51.3	142
51.5	142
51.5	62
51.6	62
51.6	132
52	132
52	40
52.5	40
52.5	157
52.9	157
52.9	102
53.2	102
53.2	62
53.3	62
53.3	132
53.5	132
53.5	62
53.6	62
53.6	127
54	127
54	40
54.5	40
54.5	132
54.9	132
54.9	102
55.2	102
55.2	62
55.3	62
55.3	122
55.5	122
55.5	62
55.6	62
55.6	122
56	122
56	40
56.5	40
56.5	137
56.9	137
56.9	102
57.2	102
57.2	62
57.3	62
57.3	127
57.5	127
57.5	62
57.6	62
57.6	127
58	127
58	40
58.5	40
58.5	132
58.9	132
58.9	102
59.2	102
59.2	62
59.3	62
59.3	122
59.5	122
59.5	62
59.6	62
59.6	122
60	122
60	40
60.5	40
60.5	152
60.9	152
60.9	102
61.2	102
61.2	62
61.3	62
61.3	137
61.5	137
61.5	62
61.6	62
61.6	132
62	132
62	40
62.5	40
62.5	152
62.9	152
62.9	102
63.2	102
63.2	62
63.3	62
63.3	132
63.5	132
63.5	62
63.6	62
63.6	137
64	137
64	40
64.5	40
64.5	132
64.9	132
64.9	102
65.2	102
65.2	62
65.3	62
65.3	122
65.5	122
65.5	62
65.6	62
65.6	122
66	122
66	40
66.5	40
66.5	157
66.9	157
66.9	102
67.2	102
67.2	62
67.3	62
67.3	122
67.5	122
67.5	62
67.6	62
67.6	122
68	122
68	40
68.5	40
68.5	132
68.9	132
68.9	102
69.2	102
69.2	62
69.3	62
69.3	122
69.5	122
69.5	62
69.6	62
69.6	122
70	122
70	40
70.5	40
70.5	142
70.9	142
70.9	102
71.2	102
71.2	62
71.3	62
71.3	142
71.5	142
71.5	62
71.6	62
71.6	147
72	147
72	40
72.5	40
72.5	132
72.9	132
72.9	102
73.2	102
73.2	62
73.3	62
73.3	122
73.5	122
73.5	62
73.6	62
73.6	132
74	132
74	40
74.5	40
74.5	137
74.9	137
74.9	102
75.2	102
75.2	62
75.3	62
75.3	142
75.5	142
75.5	62
75.6	62
75.6	122
76	122
76	40
76.5	40
76.5	142
76.9	142
76.9	102
77.2	102
77.2	62
77.3	62
77.3	132
77.5	132
77.5	62
77.6	62
77.6	132
78	132
78	40
78.5	40
78.5	152
78.9	152
78.9	102
79.2	102
79.2	62
79.3	62
79.3	142
79.5	142
79.5	62
79.6	62
79.6	142
80	142
80	40
80.5	40
80.5	157
80.9	157
80.9	102
81.2	102
81.2	62
81.3	62
81.3	147
81.5	147
81.5	62
81.6	62
81.6	157
82	157
82	40
90	30
[END COURSE DATA]

[COURSE TEXT]
[END COURSE TEXT]

[INTERVAL DATA]
0	5400	Workout
600	624	VO2 Max 1
624	642	Threshold 1
648	660	VO2 Max 2
666	690	VO2 Max 3
990	1014	Sprint 1
1014	1032	Threshold 2
1032	1038	Endurance 1
1038	1050	Sprint 2
1050	1056	Endurance 2
1056	1080	Sprint 3
1110	1134	Sprint 4
1134	1152	Threshold 3
1152	1158	Endurance 3
1158	1170	Sprint 5
1170	1176	Endurance 4
1176	1200	Sprint 6
1230	1254	Sprint 7
1254	1272	Threshold 4
1272	1278	Endurance 5
1278	1290	Sprint 8
1290	1296	Endurance 6
1296	1320	Sprint 9
1350	1374	Sprint 10
1374	1392	Threshold 5
1392	1398	Endurance 7
1398	1410	Sprint 11
1410	1416	Endurance 8
1416	1440	Sprint 12
1470	1494	Sprint 13
1494	1512	Threshold 6
1512	1518	Endurance 9
1518	1530	Sprint 14
1530	1536	Endurance 10
1536	1560	Sprint 15
1590	1614	Sprint 16
1614	1632	Threshold 7
1632	1638	Endurance 11
1638	1650	Sprint 17
1650	1656	Endurance 12
1656	1680	Sprint 18
1710	1734	Sprint 19
1734	1752	Threshold 8
1752	1758	Endurance 13
1758	1770	Sprint 20
1770	1776	Endurance 14
1776	1800	Sprint 21
1830	1854	Sprint 22
1854	1872	Threshold 9
1872	1878	Endurance 15
1878	1890	Sprint 23
1890	1896	Endurance 16
1896	1920	Sprint 24
1950	1974	Sprint 25
1974	1992	Threshold 10
1992	1998	Endurance 17
1998	2010	Sprint 26
2010	2016	Endurance 18
2016	2040	Sprint 27
2070	2094	Sprint 28
2094	2112	Threshold 11
2112	2118	Endurance 19
2118	2130	Sprint 29
2130	2136	Endurance 20
2136	2160	Sprint 30
2190	2214	Sprint 31
2214	2232	Threshold 12
2232	2238	Endurance 21
2238	2250	Sprint 32
2250	2256	Endurance 22
2256	2280	Sprint 33
2310	2334	Sprint 34
2334	2352	Threshold 13
2352	2358	Endurance 23
2358	2370	Sprint 35
2370	2376	Endurance 24
2376	2400	Sprint 36
2430	2454	Sprint 37
2454	2472	Threshold 14
2472	2478	Endurance 25
2478	2490	Sprint 38
2490	2496	Endurance 26
2496	2520	Sprint 39
2550	2574	Sprint 40
2574	2592	Threshold 15
2592	2598	Endurance 27
2598	2610	Sprint 41
2610	2616	Endurance 28
2616	2640	Sprint 42
2670	2694	Sprint 43
2694	2712	Threshold 16
2712	2718	Endurance 29
2718	2730	Sprint 44
2730	2736	Endurance 30
2736	2760	Sprint 45
2790	2814	Sprint 46
2814	2832	Threshold 17
2832	2838	Endurance 31
2838	2850	Sprint 47
2850	2856	Endurance 32
2856	2880	Sprint 48
2910	2934	Sprint 49
2934	2952	Threshold 18
2952	2958	Endurance 33
2958	2970	Sprint 50
2970	2976	Endurance 34
2976	3000	Sprint 51
3030	3054	Sprint 52
3054	3072	Threshold 19
3072	3078	Endurance 35
3078	3090	Sprint 53
3090	3096	Endurance 36
3096	3120	Sprint 54
3150	3174	Sprint 55
3174	3192	Threshold 20
3192	3198	Endurance 37
3198	3210	Sprint 56
3210	3216	Endurance 38
3216	3240	Sprint 57
3270	3294	Sprint 58
3294	3312	Threshold 21
3312	3318	Endurance 39
3318	3330	Sprint 59
3330	3336	Endurance 40
3336	3360	Sprint 60
3390	3414	Sprint 61
3414	3432	Threshold 22
3432	3438	Endurance 41
3438	3450	Sprint 62
3450	3456	Endurance 42
3456	3480	Sprint 63
3510	3534	Sprint 64
3534	3552	Threshold 23
3552	3558	Endurance 43
3558	3570	Sprint 65
3570	3576	Endurance 44
3576	3600	Sprint 66
3630	3654	Sprint 67
3654	3672	Threshold 24
3672	3678	Endurance 45
3678	3690	Sprint 68
3690	3696	Endurance 46
3696	3720	Sprint 69
3750	3774	Sprint 70
3774	3792	Threshold 25
3792	3798	Endurance 47
3798	3810	Sprint 71
3810	3816	Endurance 48
3816	3840	Sprint 72
3870	3894	Sprint 73
3894	3912	Threshold 26
3912	3918	Endurance 49
3918	3930	Sprint 74
3930	3936	Endurance 50
3936	3960	Sprint 75
3990	4014	Sprint 76
4014	4032	Threshold 27
4032	4038	Endurance 51
4038	4050	Sprint 77
4050	4056	Endurance 52
4056	4080	Sprint 78
4110	4134	Sprint 79
4134	4152	Threshold 28
4152	4158	Endurance 53
4158	4170	Sprint 80
4170	4176	Endurance 54
4176	4200	Sprint 81
4230	4254	Sprint 82
4254	4272	Threshold 29
4272	4278	Endurance 55
4278	4290	Sprint 83
4290	4296	Endurance 56
4296	4320	Sprint 84
4350	4374	Sprint 85
4374	4392	Threshold 30
4392	4398	Endurance 57
4398	4410	Sprint 86
4410	4416	Endurance 58
4416	4440	Sprint 87
4470	4494	Sprint 88
4494	4512	Threshold 31
4512	4518	Endurance 59
4518	4530	Sprint 89
4530	4536	Endurance 60
4536	4560	Sprint 90
4590	4614	Sprint 91
4614	4632	Threshold 32
4632	4638	Endurance 61
4638	4650	Sprint 92
4650	4656	Endurance 62
4656	4680	Sprint 93
4710	4734	Sprint 94
4734	4752	Threshold 33
4752	4758	Endurance 63
4758	4770	Sprint 95
4770	4776	Endurance 64
4776	4800	Sprint 96
4830	4854	Sprint 97
4854	4872	Threshold 34
4872	4878	Endurance 65
4878	4890	Sprint 98
4890	4896	Endurance 66
4896	4920	Sprint 99
[END INTERVAL DATA]

[MODE DATA]
[END MODE DATA]

