[COURSE HEADER]
VERSION = 0
UNITS = ENGLISH
DESCRIPTION = Sufferfest Local Hero,93,123. Created by 11407.
FILE NAME = none
MINUTES	FTP
[END COURSE HEADER]

[COURSE DATA]
0	62
1.33	62
1.33	62
3.71	62
3.71	74
9.66	74
9.66	86
10.2	86
10.2	93
10.66	93
10.66	99
11.65	99
11.65	86
12.7	86
12.7	111
13.43	111
13.43	117
13.68	117
13.68	74
15.33	74
15.33	99
16.38	99
16.38	105
17.38	105
17.38	111
19.3	111
19.3	105
20.35	105
20.35	99
21.4	99
21.4	62
23.6	62
23.6	99
24.63	99
24.63	105
25.61	105
25.61	111
27.65	111
27.65	105
28.63	105
28.63	99
29.83	99
29.83	62
32.05	62
32.05	99
33.03	99
33.03	105
34	105
34	111
36.05	111
36.05	105
37.05	105
37.05	99
37.91	99
37.91	62
41.03	62
41.03	105
42.36	105
42.36	111
44	111
44	62
46.16	62
46.16	111
49.21	111
49.21	62
51.33	62
51.33	111
54.33	111
54.33	62
56.58	62
56.58	123
56.8	123
56.8	111
59.63	111
59.63	62
61.81	62
61.81	111
64.8	111
64.8	62
66.48	62
66.48	99
67.48	99
67.48	111
68.26	111
68.26	135
68.6	135
68.6	62
70.38	62
70.38	99
71.36	99
71.36	111
71.93	111
71.93	135
72.21	135
72.21	62
73.06	62
73.06	99
74.06	99
74.06	111
74.78	111
74.78	135
75.05	135
75.05	62
76.06	62
76.06	99
77.08	99
77.08	111
77.73	111
77.73	135
77.96	135
77.96	62
78.76	62
78.76	50
84.9	50
[END COURSE DATA]

[COURSE TEXT]
[END COURSE TEXT]

[INTERVAL DATA]
0	5094	Workout
0	80	Endurance 1
80	223	Endurance 2
223	580	Endurance 3
580	612	Sweet Spot 1
612	640	Sweet Spot 2
640	699	Threshold 1
699	762	Sweet Spot 3
762	806	VO2 Max 1
806	821	VO2 Max 2
821	920	Endurance 4
920	983	Threshold 2
983	1043	Threshold 3
1043	1158	VO2 Max 3
1158	1221	Threshold 4
1221	1284	Threshold 5
1284	1416	Endurance 5
1416	1478	Threshold 6
1478	1537	Threshold 7
1537	1659	VO2 Max 4
1659	1718	Threshold 8
1718	1790	Threshold 9
1790	1923	Endurance 6
1923	1982	Threshold 10
1982	2040	Threshold 11
2040	2163	VO2 Max 5
2163	2223	Threshold 12
2223	2275	Threshold 13
2275	2462	Endurance 7
2462	2542	Threshold 14
2542	2640	VO2 Max 6
2640	2770	Endurance 8
2770	2953	VO2 Max 7
2953	3080	Endurance 9
3080	3260	VO2 Max 8
3260	3395	Endurance 10
3395	3408	Sprint 1
3408	3578	VO2 Max 9
3578	3709	Endurance 11
3709	3888	VO2 Max 10
3888	3989	Endurance 12
3989	4049	Threshold 15
4049	4096	VO2 Max 11
4096	4116	Sprint 2
4116	4223	Endurance 13
4223	4282	Threshold 16
4282	4316	VO2 Max 12
4316	4333	Sprint 3
4333	4384	Endurance 14
4384	4444	Threshold 17
4444	4487	VO2 Max 13
4487	4503	Sprint 4
4503	4564	Endurance 15
4564	4625	Threshold 18
4625	4664	VO2 Max 14
4664	4678	Sprint 5
4678	4726	Endurance 16
[END INTERVAL DATA]

[MODE DATA]
[END MODE DATA]

